{"producer":{"name":"Blender","version":"2.78 (sub 0)","exporter_version":"5.2.0","file":"testing2.babylon"},
"autoClear":true,"clearColor":[0.0509,0.0509,0.0509],"ambientColor":[0,0,0],"gravity":[0,-9.81,0],
"materials":[{"name":"testing2.m4","id":"testing2.m4","ambient":[1,1,1],"diffuse":[1,1,1],"specular":[1,1,1],"emissive":[0,0,0],"specularPower":21,"alpha":1,"backFaceCulling":true,"checkReadyOnlyOnce":false,"maxSimultaneousLights":4, 
"diffuseTexture":{"name":"m4tex.png","level":1,"hasAlpha":1,"coordinatesMode":0,"uOffset":0,"vOffset":0,"uScale":1,"vScale":1,"uAng":0,"vAng":0,"wAng":0,"wrapU":1,"wrapV":1,"coordinatesIndex":0}},
{"name":"testing2.unity_pilot_head_01","id":"testing2.unity_pilot_head_01","ambient":[0.346,0.346,0.346],"diffuse":[0.5882,0.5882,0.5882],"specular":[0,0,0],"emissive":[0,0,0],"specularPower":1,"alpha":1,"backFaceCulling":true,"checkReadyOnlyOnce":false,"maxSimultaneousLights":4, 
"diffuseTexture":{"name":"head01.png","level":1,"hasAlpha":1,"coordinatesMode":0,"uOffset":0,"vOffset":0,"uScale":1,"vScale":1,"uAng":0,"vAng":0,"wAng":0,"wrapU":1,"wrapV":1,"coordinatesIndex":0}},
{"name":"testing2.unity_pilot_body_01","id":"testing2.unity_pilot_body_01","ambient":[0.346,0.346,0.346],"diffuse":[0.5882,0.5882,0.5882],"specular":[0,0,0],"emissive":[0,0,0],"specularPower":1,"alpha":1,"backFaceCulling":true,"checkReadyOnlyOnce":false,"maxSimultaneousLights":4, 
"diffuseTexture":{"name":"body01.png","level":1,"hasAlpha":1,"coordinatesMode":0,"uOffset":0,"vOffset":0,"uScale":1,"vScale":1,"uAng":0,"vAng":0,"wAng":0,"wrapU":1,"wrapV":1,"coordinatesIndex":0}}],
"multiMaterials":[{"name":"testing2.Multimaterial#0","id":"testing2.Multimaterial#0","materials":["testing2.m4","testing2.unity_pilot_head_01","testing2.unity_pilot_body_01"]}],
"skeletons":[{"name":"Armature","id":0,"dimensionsAtRest":[1.3436,2.6731,0.5554],"bones":[
{"name":"Bone","index":0,"matrix":[1,0.0016,0,0,-0.0016,1,0,0,0,0,-1,0,0.013,1.4581,-0.1737,1],"rest":[1,0.0016,0,0,-0.0016,1,0,0,0,0,-1,0,0.013,1.4581,-0.1737,1],"parentBoneIndex":-1,"length":1.0776
,"animation":{"dataType":3,"framePerSecond":24,"keys":[
{"frame":0,"values":[1,0.0016,0,0,-0.0016,1,0,0,0,0,-1,0,0.013,1.4581,-0.1737,1]},
{"frame":1,"values":[0.9972,0.0016,0.0743,0,0.0169,0.9687,-0.2478,0,0.0724,-0.2484,-0.966,0,0.013,1.4581,-0.1737,1]},
{"frame":2,"values":[0.9983,0.0016,0.059,0,0.0131,0.9686,-0.2483,0,0.0576,-0.2486,-0.9669,0,0.013,1.4581,-0.1737,1]},
{"frame":3,"values":[0.9996,0.0016,0.0268,0,0.0051,0.9686,-0.2486,0,0.0264,-0.2487,-0.9682,0,0.013,1.4581,-0.1737,1]},
{"frame":4,"values":[0.9999,0.0016,-0.0117,0,-0.0045,0.9686,-0.2487,0,-0.011,-0.2487,-0.9685,0,0.013,1.4581,-0.1737,1]},
{"frame":5,"values":[0.9987,0.0016,-0.0513,0,-0.0143,0.9686,-0.2482,0,-0.0493,-0.2486,-0.9673,0,0.013,1.4581,-0.1737,1]},
{"frame":6,"values":[0.9961,0.0016,-0.0885,0,-0.0235,0.9686,-0.2475,0,-0.0854,-0.2486,-0.9648,0,0.013,1.4581,-0.1737,1]},
{"frame":7,"values":[0.9927,0.0016,-0.121,0,-0.0316,0.9686,-0.2465,0,-0.1168,-0.2485,-0.9616,0,0.013,1.4581,-0.1737,1]},
{"frame":8,"values":[0.9892,0.0016,-0.1465,0,-0.0379,0.9686,-0.2455,0,-0.1416,-0.2485,-0.9582,0,0.013,1.4581,-0.1737,1]},
{"frame":9,"values":[0.9866,0.0016,-0.1633,0,-0.0421,0.9687,-0.2448,0,-0.1578,-0.2484,-0.9557,0,0.013,1.4581,-0.1737,1]},
{"frame":10,"values":[0.9855,0.0016,-0.1694,0,-0.0436,0.9687,-0.2445,0,-0.1637,-0.2484,-0.9547,0,0.013,1.4581,-0.1737,1]},
{"frame":11,"values":[0.9866,0.0016,-0.1633,0,-0.0421,0.9687,-0.2448,0,-0.1578,-0.2484,-0.9557,0,0.013,1.4581,-0.1737,1]},
{"frame":12,"values":[0.9892,0.0016,-0.1465,0,-0.0379,0.9686,-0.2455,0,-0.1416,-0.2485,-0.9582,0,0.013,1.4581,-0.1737,1]},
{"frame":13,"values":[0.9927,0.0016,-0.121,0,-0.0316,0.9686,-0.2465,0,-0.1168,-0.2485,-0.9616,0,0.013,1.4581,-0.1737,1]},
{"frame":14,"values":[0.9961,0.0016,-0.0885,0,-0.0235,0.9686,-0.2475,0,-0.0854,-0.2486,-0.9648,0,0.013,1.4581,-0.1737,1]},
{"frame":15,"values":[0.9987,0.0016,-0.0513,0,-0.0143,0.9686,-0.2482,0,-0.0493,-0.2486,-0.9673,0,0.013,1.4581,-0.1737,1]},
{"frame":16,"values":[0.9999,0.0016,-0.0117,0,-0.0045,0.9686,-0.2487,0,-0.011,-0.2487,-0.9685,0,0.013,1.4581,-0.1737,1]},
{"frame":17,"values":[0.9996,0.0016,0.0268,0,0.0051,0.9686,-0.2486,0,0.0264,-0.2487,-0.9682,0,0.013,1.4581,-0.1737,1]},
{"frame":18,"values":[0.9983,0.0016,0.059,0,0.0131,0.9686,-0.2483,0,0.0576,-0.2486,-0.9669,0,0.013,1.4581,-0.1737,1]},
{"frame":19,"values":[0.9972,0.0016,0.0743,0,0.0169,0.9687,-0.2478,0,0.0724,-0.2484,-0.966,0,0.013,1.4581,-0.1737,1]},
{"frame":20,"values":[1,0.0016,0,0,-0.0016,1,0,0,0,0,-1,0,0.013,1.4581,-0.1737,1]},
{"frame":26,"values":[1,0.0016,0,0,-0.0016,1,0.0074,0,0,0.0074,-1,0,0.013,1.4581,-0.1737,1]},
{"frame":27,"values":[1,0.0016,0,0,-0.0016,0.9996,0.0282,0,0,0.0282,-0.9996,0,0.013,1.4581,-0.1737,1]},
{"frame":28,"values":[1,0.0016,0.0001,0,-0.0016,0.9985,0.0548,0,0,0.0548,-0.9985,0,0.013,1.4581,-0.1737,1]},
{"frame":29,"values":[1,0.0016,0.0001,0,-0.0016,0.9971,0.0756,0,0,0.0756,-0.9971,0,0.013,1.4581,-0.1737,1]},
{"frame":30,"values":[1,0.0016,0.0001,0,-0.0016,0.9966,0.083,0,0,0.083,-0.9966,0,0.013,1.4581,-0.1737,1]},
{"frame":31,"values":[1,0.0016,0.0001,0,-0.0016,0.9971,0.0756,0,0,0.0756,-0.9971,0,0.013,1.4581,-0.1737,1]},
{"frame":32,"values":[1,0.0016,0.0001,0,-0.0016,0.9985,0.0548,0,0,0.0548,-0.9985,0,0.013,1.4581,-0.1737,1]},
{"frame":33,"values":[1,0.0016,0,0,-0.0016,0.9996,0.0282,0,0,0.0282,-0.9996,0,0.013,1.4581,-0.1737,1]},
{"frame":34,"values":[1,0.0016,0,0,-0.0016,1,0.0074,0,0,0.0074,-1,0,0.013,1.4581,-0.1737,1]},
{"frame":35,"values":[1,0.0016,0,0,-0.0016,1,0,0,0,0,-1,0,0.013,1.4581,-0.1737,1]},
{"frame":41,"values":[0.9972,0.0016,0.0743,0,0.0169,0.9687,-0.2478,0,0.0724,-0.2484,-0.966,0,0.013,1.4581,-0.1737,1]},
{"frame":42,"values":[0.9983,0.001,0.0591,0,0.0137,0.9686,-0.2483,0,0.0575,-0.2487,-0.9669,0,0.013,1.4581,-0.1737,1]},
{"frame":43,"values":[0.9996,-0.0002,0.027,0,0.0069,0.9685,-0.2488,0,0.0261,-0.2489,-0.9682,0,0.013,1.4581,-0.1737,1]},
{"frame":44,"values":[0.9999,-0.0014,-0.0114,0,-0.0015,0.9685,-0.249,0,-0.0113,-0.249,-0.9684,0,0.013,1.4581,-0.1737,1]},
{"frame":45,"values":[0.9987,-0.0023,-0.0508,0,-0.0104,0.9685,-0.2488,0,-0.0498,-0.249,-0.9672,0,0.013,1.4581,-0.1737,1]},
{"frame":46,"values":[0.9961,-0.0029,-0.088,0,-0.0191,0.9685,-0.2481,0,-0.0859,-0.2489,-0.9647,0,0.013,1.4581,-0.1737,1]},
{"frame":47,"values":[0.9927,-0.0029,-0.1204,0,-0.0272,0.9686,-0.2473,0,-0.1173,-0.2487,-0.9614,0,0.013,1.4581,-0.1737,1]},
{"frame":48,"values":[0.9893,-0.0023,-0.1461,0,-0.0341,0.9686,-0.2462,0,-0.142,-0.2486,-0.9581,0,0.013,1.4581,-0.1737,1]},
{"frame":49,"values":[0.9866,-0.0008,-0.163,0,-0.0397,0.9686,-0.2453,0,-0.1581,-0.2485,-0.9556,0,0.013,1.4581,-0.1737,1]},
{"frame":50,"values":[0.9855,0.0016,-0.1694,0,-0.0436,0.9687,-0.2445,0,-0.1637,-0.2484,-0.9547,0,0.013,1.4581,-0.1737,1]},
{"frame":51,"values":[0.9855,0.0074,-0.1694,0,-0.0444,0.9754,-0.2161,0,-0.1636,-0.2205,-0.9616,0,0.013,1.4581,-0.1737,1]},
{"frame":52,"values":[0.9855,0.0114,-0.1691,0,-0.0436,0.9812,-0.1878,0,-0.1637,-0.1925,-0.9675,0,0.013,1.4581,-0.1737,1]},
{"frame":53,"values":[0.9855,0.0101,-0.1693,0,-0.0446,0.9785,-0.2013,0,-0.1636,-0.206,-0.9648,0,0.013,1.4581,-0.1737,1]},
{"frame":54,"values":[0.9855,0.0061,-0.1696,0,-0.0457,0.972,-0.2304,0,-0.1635,-0.2348,-0.9582,0,0.013,1.4581,-0.1737,1]},
{"frame":55,"values":[0.9855,0.0016,-0.1694,0,-0.0436,0.9687,-0.2445,0,-0.1637,-0.2484,-0.9547,0,0.013,1.4581,-0.1737,1]},
{"frame":56,"values":[0.9907,-0.0011,-0.1358,0,-0.0327,0.9686,-0.2466,0,-0.1318,-0.2487,-0.9596,0,0.013,1.4581,-0.1737,1]},
{"frame":57,"values":[0.9989,-0.0009,-0.0477,0,-0.011,0.9685,-0.2488,0,-0.0464,-0.249,-0.9674,0,0.013,1.4581,-0.1737,1]},
{"frame":58,"values":[0.9992,0.0008,0.0407,0,0.0094,0.9685,-0.2487,0,0.0397,-0.2488,-0.9677,0,0.013,1.4581,-0.1737,1]},
{"frame":59,"values":[0.9972,0.0016,0.0743,0,0.0169,0.9687,-0.2478,0,0.0724,-0.2484,-0.966,0,0.013,1.4581,-0.1737,1]},
{"frame":60,"values":[1,0.0016,0,0,-0.0016,1,0,0,0,0,-1,0,0.013,1.4581,-0.1737,1]},
{"frame":84,"values":[1,0.0016,0,0,-0.0016,1,0,0,0,0,-1,0,0.013,1.4581,-0.1737,1]},
{"frame":90,"values":[1,0.0016,0,0,-0.0016,1,0,0,0,0,-1,0,0.013,1.4581,-0.1737,1]},
{"frame":91,"values":[1,0.0016,0,0,-0.0016,1,0,0,0,0,-1,0,0.013,1.4581,-0.1737,1]}],"loopBehavior":1,"name":"anim","property":"_matrix"}},
{"name":"Bone.001","index":1,"matrix":[1,-0.007,-0.003,0,0.0076,0.8735,0.4868,0,-0.0008,-0.4868,0.8735,0,0,1.0776,0,1],"rest":[1,-0.0075,-0.0019,0,0.0077,0.9487,0.3162,0,-0.0005,-0.3162,0.9487,0,0,1.0776,0,1],"parentBoneIndex":0,"length":0.2877
,"animation":{"dataType":3,"framePerSecond":24,"keys":[
{"frame":0,"values":[1,-0.007,-0.003,0,0.0076,0.8735,0.4868,0,-0.0008,-0.4868,0.8735,0,0,1.0776,0,1]},
{"frame":26,"values":[1,-0.007,-0.003,0,0.0076,0.876,0.4822,0,-0.0008,-0.4822,0.8761,0,0,1.0776,0,1]},
{"frame":27,"values":[1,-0.0071,-0.0029,0,0.0076,0.8831,0.4692,0,-0.0008,-0.4692,0.8831,0,0,1.0776,0,1]},
{"frame":28,"values":[1,-0.0071,-0.0028,0,0.0076,0.8918,0.4524,0,-0.0007,-0.4524,0.8918,0,0,1.0776,0,1]},
{"frame":29,"values":[1,-0.0072,-0.0027,0,0.0076,0.8984,0.4392,0,-0.0007,-0.4392,0.8984,0,0,1.0776,0,1]},
{"frame":30,"values":[1,-0.0072,-0.0027,0,0.0076,0.9007,0.4345,0,-0.0007,-0.4345,0.9007,0,0,1.0776,0,1]},
{"frame":31,"values":[1,-0.0072,-0.0027,0,0.0076,0.8984,0.4392,0,-0.0007,-0.4392,0.8984,0,0,1.0776,0,1]},
{"frame":32,"values":[1,-0.0071,-0.0028,0,0.0076,0.8918,0.4524,0,-0.0007,-0.4524,0.8918,0,0,1.0776,0,1]},
{"frame":33,"values":[1,-0.0071,-0.0029,0,0.0076,0.8831,0.4692,0,-0.0008,-0.4692,0.8831,0,0,1.0776,0,1]},
{"frame":34,"values":[1,-0.007,-0.003,0,0.0076,0.876,0.4822,0,-0.0008,-0.4822,0.8761,0,0,1.0776,0,1]},
{"frame":35,"values":[1,-0.007,-0.003,0,0.0076,0.8735,0.4868,0,-0.0008,-0.4868,0.8735,0,0,1.0776,0,1]},
{"frame":51,"values":[1,0.0012,-0.0051,0,0.0012,0.8971,0.4418,0,0.0051,-0.4418,0.8971,0,0,1.0776,0,1]},
{"frame":52,"values":[0.9999,0.0093,-0.0076,0,-0.0056,0.9184,0.3957,0,0.0107,-0.3957,0.9183,0,0,1.0776,0,1]},
{"frame":53,"values":[1,0.0054,-0.0063,0,-0.0023,0.9084,0.4181,0,0.008,-0.4181,0.9084,0,0,1.0776,0,1]},
{"frame":54,"values":[1,-0.003,-0.004,0,0.0045,0.8852,0.4652,0,0.0021,-0.4652,0.8852,0,0,1.0776,0,1]},
{"frame":55,"values":[1,-0.007,-0.003,0,0.0076,0.8735,0.4868,0,-0.0008,-0.4868,0.8735,0,0,1.0776,0,1]},
{"frame":61,"values":[0.9999,-0.0055,-0.0133,0,0.0114,0.8657,0.5004,0,0.0088,-0.5005,0.8657,0,0,1.0776,0,1]},
{"frame":62,"values":[0.9991,-0.0007,-0.0424,0,0.0234,0.8427,0.538,0,0.0353,-0.5385,0.8419,0,0,1.0776,0,1]},
{"frame":63,"values":[0.9968,0.0066,-0.0797,0,0.0414,0.8107,0.584,0,0.0684,-0.5855,0.8078,0,0,1.0776,0,1]},
{"frame":64,"values":[0.9939,0.0121,-0.1092,0,0.0584,0.784,0.618,0,0.0931,-0.6206,0.7786,0,0,1.0776,0,1]},
{"frame":65,"values":[0.9926,0.0115,-0.1211,0,0.0678,0.7741,0.6294,0,0.101,-0.6329,0.7676,0,0,1.0776,0,1]},
{"frame":66,"values":[0.9924,0.0066,-0.123,0,0.0712,0.7836,0.6172,0,0.1005,-0.6213,0.7771,0,0,1.0776,0,1]},
{"frame":67,"values":[0.9923,0.0008,-0.1236,0,0.0719,0.8094,0.5828,0,0.1005,-0.5873,0.8031,0,0,1.0776,0,1]},
{"frame":68,"values":[0.9924,-0.0047,-0.123,0,0.0705,0.8405,0.5373,0,0.1009,-0.5418,0.8344,0,0,1.0776,0,1]},
{"frame":69,"values":[0.9925,-0.0082,-0.122,0,0.0687,0.8629,0.5007,0,0.1012,-0.5053,0.857,0,0,1.0776,0,1]},
{"frame":70,"values":[0.9925,-0.0094,-0.1216,0,0.068,0.8705,0.4875,0,0.1013,-0.4921,0.8646,0,0,1.0776,0,1]},
{"frame":80,"values":[0.9938,-0.0092,-0.1111,0,0.0626,0.8708,0.4877,0,0.0923,-0.4916,0.8659,0,0,1.0776,0,1]},
{"frame":81,"values":[0.9966,-0.0087,-0.0815,0,0.0475,0.8715,0.4881,0,0.0668,-0.4903,0.869,0,0,1.0776,0,1]},
{"frame":82,"values":[0.999,-0.0079,-0.0433,0,0.0281,0.8725,0.4878,0,0.0339,-0.4886,0.8719,0,0,1.0776,0,1]},
{"frame":83,"values":[0.9999,-0.0073,-0.0136,0,0.0129,0.8732,0.4871,0,0.0083,-0.4873,0.8732,0,0,1.0776,0,1]},
{"frame":84,"values":[1,-0.007,-0.003,0,0.0076,0.8735,0.4868,0,-0.0008,-0.4868,0.8735,0,0,1.0776,0,1]},
{"frame":90,"values":[1,-0.007,-0.003,0,0.0076,0.8735,0.4868,0,-0.0008,-0.4868,0.8735,0,0,1.0776,0,1]},
{"frame":91,"values":[1,-0.007,-0.003,0,0.0076,0.8735,0.4868,0,-0.0008,-0.4868,0.8735,0,0,1.0776,0,1]}],"loopBehavior":1,"name":"anim","property":"_matrix"}},
{"name":"Bone.002","index":2,"matrix":[0.2265,0.5723,0.7881,0,-0.8291,-0.3114,0.4644,0,0.5112,-0.7586,0.4039,0,0,1.0776,0,1],"rest":[-0.0064,0.5727,0.8198,0,-0.9268,-0.3113,0.2102,0,0.3755,-0.7584,0.5327,0,0,1.0776,0,1],"parentBoneIndex":0,"length":0.3352
,"animation":{"dataType":3,"framePerSecond":24,"keys":[
{"frame":0,"values":[0.2265,0.5723,0.7881,0,-0.8291,-0.3114,0.4644,0,0.5112,-0.7586,0.4039,0,0,1.0776,0,1]},
{"frame":1,"values":[0.1042,0.5779,0.8094,0,-0.8712,-0.3395,0.3545,0,0.4797,-0.7421,0.4682,0,0,1.0776,0,1]},
{"frame":2,"values":[0.0414,0.5793,0.8141,0,-0.8866,-0.3543,0.2972,0,0.4606,-0.7341,0.4989,0,0,1.0776,0,1]},
{"frame":3,"values":[-0.0054,0.5796,0.8149,0,-0.8955,-0.3654,0.2539,0,0.445,-0.7284,0.521,0,0,1.0776,0,1]},
{"frame":4,"values":[-0.0419,0.5794,0.814,0,-0.9009,-0.3741,0.22,0,0.432,-0.7241,0.5376,0,0,1.0776,0,1]},
{"frame":5,"values":[-0.0705,0.579,0.8123,0,-0.9042,-0.381,0.1931,0,0.4213,-0.7208,0.5504,0,0,1.0776,0,1]},
{"frame":6,"values":[-0.0928,0.5785,0.8104,0,-0.9062,-0.3864,0.1721,0,0.4126,-0.7184,0.5601,0,0,1.0776,0,1]},
{"frame":7,"values":[-0.1096,0.5781,0.8086,0,-0.9073,-0.3904,0.1562,0,0.406,-0.7165,0.5673,0,0,1.0776,0,1]},
{"frame":8,"values":[-0.1213,0.5777,0.8072,0,-0.9079,-0.3932,0.145,0,0.4012,-0.7153,0.5723,0,0,1.0776,0,1]},
{"frame":9,"values":[-0.1283,0.5775,0.8062,0,-0.9082,-0.3949,0.1383,0,0.3983,-0.7145,0.5752,0,0,1.0776,0,1]},
{"frame":10,"values":[-0.1307,0.5774,0.8059,0,-0.9083,-0.3955,0.1361,0,0.3973,-0.7143,0.5762,0,0,1.0776,0,1]},
{"frame":11,"values":[-0.1283,0.5775,0.8062,0,-0.9082,-0.3949,0.1383,0,0.3983,-0.7145,0.5752,0,0,1.0776,0,1]},
{"frame":12,"values":[-0.1213,0.5777,0.8072,0,-0.9079,-0.3932,0.145,0,0.4012,-0.7153,0.5723,0,0,1.0776,0,1]},
{"frame":13,"values":[-0.1096,0.5781,0.8086,0,-0.9073,-0.3904,0.1562,0,0.406,-0.7165,0.5673,0,0,1.0776,0,1]},
{"frame":14,"values":[-0.0928,0.5785,0.8104,0,-0.9062,-0.3864,0.1721,0,0.4126,-0.7184,0.5601,0,0,1.0776,0,1]},
{"frame":15,"values":[-0.0705,0.579,0.8123,0,-0.9042,-0.381,0.1931,0,0.4213,-0.7208,0.5504,0,0,1.0776,0,1]},
{"frame":16,"values":[-0.0419,0.5794,0.814,0,-0.9009,-0.3741,0.22,0,0.432,-0.7241,0.5376,0,0,1.0776,0,1]},
{"frame":17,"values":[-0.0054,0.5796,0.8149,0,-0.8955,-0.3654,0.2539,0,0.445,-0.7284,0.521,0,0,1.0776,0,1]},
{"frame":18,"values":[0.0414,0.5793,0.8141,0,-0.8866,-0.3543,0.2972,0,0.4606,-0.7341,0.4989,0,0,1.0776,0,1]},
{"frame":19,"values":[0.1042,0.5779,0.8094,0,-0.8712,-0.3395,0.3545,0,0.4797,-0.7421,0.4682,0,0,1.0776,0,1]},
{"frame":20,"values":[0.2265,0.5723,0.7881,0,-0.8291,-0.3114,0.4644,0,0.5112,-0.7586,0.4039,0,0,1.0776,0,1]},
{"frame":41,"values":[0.1042,0.5779,0.8094,0,-0.8712,-0.3395,0.3545,0,0.4797,-0.7421,0.4682,0,0,1.0776,0,1]},
{"frame":42,"values":[0.0414,0.5793,0.8141,0,-0.8866,-0.3543,0.2972,0,0.4606,-0.7341,0.4989,0,0,1.0776,0,1]},
{"frame":43,"values":[-0.0054,0.5796,0.8149,0,-0.8955,-0.3654,0.2539,0,0.445,-0.7284,0.521,0,0,1.0776,0,1]},
{"frame":44,"values":[-0.0419,0.5794,0.814,0,-0.9009,-0.3741,0.22,0,0.432,-0.7241,0.5376,0,0,1.0776,0,1]},
{"frame":45,"values":[-0.0705,0.579,0.8123,0,-0.9042,-0.381,0.1931,0,0.4213,-0.7208,0.5504,0,0,1.0776,0,1]},
{"frame":46,"values":[-0.0928,0.5785,0.8104,0,-0.9062,-0.3864,0.1721,0,0.4126,-0.7184,0.5601,0,0,1.0776,0,1]},
{"frame":47,"values":[-0.1096,0.5781,0.8086,0,-0.9073,-0.3904,0.1562,0,0.406,-0.7165,0.5673,0,0,1.0776,0,1]},
{"frame":48,"values":[-0.1213,0.5777,0.8072,0,-0.9079,-0.3932,0.145,0,0.4012,-0.7153,0.5723,0,0,1.0776,0,1]},
{"frame":49,"values":[-0.1283,0.5775,0.8062,0,-0.9082,-0.3949,0.1383,0,0.3983,-0.7145,0.5752,0,0,1.0776,0,1]},
{"frame":50,"values":[-0.1307,0.5774,0.8059,0,-0.9083,-0.3955,0.1361,0,0.3973,-0.7143,0.5762,0,0,1.0776,0,1]},
{"frame":56,"values":[-0.1162,0.5779,0.8078,0,-0.9077,-0.392,0.1499,0,0.4032,-0.7158,0.5701,0,0,1.0776,0,1]},
{"frame":57,"values":[-0.0669,0.579,0.8125,0,-0.9038,-0.3801,0.1965,0,0.4226,-0.7213,0.5488,0,0,1.0776,0,1]},
{"frame":58,"values":[0.0131,0.5795,0.8149,0,-0.8923,-0.361,0.271,0,0.4513,-0.7306,0.5124,0,0,1.0776,0,1]},
{"frame":59,"values":[0.1042,0.5779,0.8094,0,-0.8712,-0.3395,0.3545,0,0.4797,-0.7421,0.4682,0,0,1.0776,0,1]},
{"frame":60,"values":[0.2265,0.5723,0.7881,0,-0.8291,-0.3114,0.4644,0,0.5112,-0.7586,0.4039,0,0,1.0776,0,1]},
{"frame":84,"values":[0.2265,0.5723,0.7881,0,-0.8291,-0.3114,0.4644,0,0.5112,-0.7586,0.4039,0,0,1.0776,0,1]},
{"frame":90,"values":[0.2265,0.5723,0.7881,0,-0.8291,-0.3114,0.4644,0,0.5112,-0.7586,0.4039,0,0,1.0776,0,1]},
{"frame":91,"values":[0.2265,0.5723,0.7881,0,-0.8291,-0.3114,0.4644,0,0.5112,-0.7586,0.4039,0,0,1.0776,0,1]}],"loopBehavior":1,"name":"anim","property":"_matrix"}},
{"name":"Bone.010","index":3,"matrix":[0.7109,0.2786,0.6458,0,-0.7005,0.3621,0.6149,0,-0.0626,-0.8895,0.4526,0,0,0.3352,0,1],"rest":[0.9371,0.339,0.0832,0,-0.339,0.827,0.4486,0,0.0832,-0.4486,0.8899,0,0,0.3352,0,1],"parentBoneIndex":2,"length":0.5222
,"animation":{"dataType":3,"framePerSecond":24,"keys":[
{"frame":0,"values":[0.7109,0.2786,0.6458,0,-0.7005,0.3621,0.6149,0,-0.0626,-0.8895,0.4526,0,0,0.3352,0,1]},
{"frame":1,"values":[0.5739,-0.2758,0.7711,0,-0.6296,0.4536,0.6308,0,-0.5237,-0.8475,0.0867,0,0,0.3352,0,1]},
{"frame":20,"values":[0.7109,0.2786,0.6458,0,-0.7005,0.3621,0.6149,0,-0.0626,-0.8895,0.4526,0,0,0.3352,0,1]},
{"frame":41,"values":[0.5739,-0.2758,0.7711,0,-0.6296,0.4536,0.6308,0,-0.5237,-0.8475,0.0867,0,0,0.3352,0,1]},
{"frame":42,"values":[0.585,-0.2658,0.7663,0,-0.6326,0.4417,0.6362,0,-0.5075,-0.8569,0.0902,0,0,0.3352,0,1]},
{"frame":43,"values":[0.6038,-0.2401,0.7601,0,-0.6364,0.429,0.641,0,-0.48,-0.8708,0.1063,0,0,0.3352,0,1]},
{"frame":44,"values":[0.6243,-0.2078,0.753,0,-0.64,0.4167,0.6456,0,-0.448,-0.885,0.1272,0,0,0.3352,0,1]},
{"frame":45,"values":[0.6437,-0.1736,0.7453,0,-0.643,0.4053,0.6498,0,-0.4149,-0.8976,0.1492,0,0,0.3352,0,1]},
{"frame":46,"values":[0.6607,-0.1407,0.7374,0,-0.6454,0.3951,0.6537,0,-0.3833,-0.9078,0.1702,0,0,0.3352,0,1]},
{"frame":47,"values":[0.6744,-0.1115,0.7299,0,-0.6472,0.3866,0.657,0,-0.3555,-0.9155,0.1886,0,0,0.3352,0,1]},
{"frame":48,"values":[0.6846,-0.0881,0.7236,0,-0.6484,0.3801,0.6597,0,-0.3332,-0.9207,0.2031,0,0,0.3352,0,1]},
{"frame":49,"values":[0.6909,-0.0725,0.7193,0,-0.649,0.376,0.6614,0,-0.3184,-0.9238,0.2127,0,0,0.3352,0,1]},
{"frame":50,"values":[0.6932,-0.0668,0.7177,0,-0.6493,0.3745,0.662,0,-0.313,-0.9248,0.2162,0,0,0.3352,0,1]},
{"frame":56,"values":[0.6805,-0.0977,0.7262,0,-0.6479,0.3827,0.6586,0,-0.3422,-0.9187,0.1971,0,0,0.3352,0,1]},
{"frame":57,"values":[0.6422,-0.1767,0.7459,0,-0.6428,0.4059,0.6496,0,-0.4175,-0.8967,0.1471,0,0,0.3352,0,1]},
{"frame":58,"values":[0.5961,-0.2514,0.7625,0,-0.635,0.4337,0.6393,0,-0.4914,-0.8653,0.0989,0,0,0.3352,0,1]},
{"frame":59,"values":[0.5739,-0.2758,0.7711,0,-0.6296,0.4536,0.6308,0,-0.5237,-0.8475,0.0867,0,0,0.3352,0,1]},
{"frame":60,"values":[0.7109,0.2786,0.6458,0,-0.7005,0.3621,0.6149,0,-0.0626,-0.8895,0.4526,0,0,0.3352,0,1]},
{"frame":71,"values":[0.7106,0.243,0.6603,0,-0.6972,0.3691,0.6145,0,-0.0943,-0.8971,0.4317,0,0,0.3352,0,1]},
{"frame":72,"values":[0.7032,0.1409,0.6968,0,-0.6868,0.3881,0.6146,0,-0.1838,-0.9108,0.3697,0,0,0.3352,0,1]},
{"frame":73,"values":[0.6794,0.0079,0.7337,0,-0.6711,0.4112,0.6169,0,-0.2968,-0.9115,0.2847,0,0,0.3352,0,1]},
{"frame":74,"values":[0.6501,-0.0948,0.754,0,-0.6573,0.4276,0.6205,0,-0.3812,-0.899,0.2157,0,0,0.3352,0,1]},
{"frame":75,"values":[0.6375,-0.1307,0.7593,0,-0.6522,0.4331,0.6221,0,-0.4101,-0.8918,0.1909,0,0,0.3352,0,1]},
{"frame":80,"values":[0.6501,-0.0948,0.754,0,-0.6573,0.4276,0.6205,0,-0.3812,-0.899,0.2157,0,0,0.3352,0,1]},
{"frame":81,"values":[0.6794,0.0079,0.7337,0,-0.6711,0.4112,0.6169,0,-0.2968,-0.9115,0.2847,0,0,0.3352,0,1]},
{"frame":82,"values":[0.7032,0.1409,0.6968,0,-0.6868,0.3881,0.6146,0,-0.1838,-0.9108,0.3697,0,0,0.3352,0,1]},
{"frame":83,"values":[0.7106,0.243,0.6603,0,-0.6972,0.3691,0.6145,0,-0.0943,-0.8971,0.4317,0,0,0.3352,0,1]},
{"frame":84,"values":[0.7109,0.2786,0.6458,0,-0.7005,0.3621,0.6149,0,-0.0626,-0.8895,0.4526,0,0,0.3352,0,1]},
{"frame":90,"values":[0.7109,0.2786,0.6458,0,-0.7005,0.3621,0.6149,0,-0.0626,-0.8895,0.4526,0,0,0.3352,0,1]},
{"frame":91,"values":[0.7109,0.2786,0.6458,0,-0.7005,0.3621,0.6149,0,-0.0626,-0.8895,0.4526,0,0,0.3352,0,1]}],"loopBehavior":1,"name":"anim","property":"_matrix"}},
{"name":"Bone.004","index":4,"matrix":[-0.278,-0.2101,-0.9373,0,0.9525,-0.1865,-0.2407,0,-0.1243,-0.9597,0.252,0,0,0.5222,0,1],"rest":[0.204,0.5472,-0.8118,0,0.7535,0.4416,0.487,0,0.625,-0.711,-0.3223,0,0,0.5222,0,1],"parentBoneIndex":3,"length":0.4127
,"animation":{"dataType":3,"framePerSecond":24,"keys":[
{"frame":0,"values":[-0.278,-0.2101,-0.9373,0,0.9525,-0.1865,-0.2407,0,-0.1243,-0.9597,0.252,0,0,0.5222,0,1]},
{"frame":1,"values":[-0.3309,-0.289,-0.8983,0,0.9206,-0.308,-0.24,0,-0.2073,-0.9064,0.368,0,0,0.5222,0,1]},
{"frame":20,"values":[-0.278,-0.2101,-0.9373,0,0.9525,-0.1865,-0.2407,0,-0.1243,-0.9597,0.252,0,0,0.5222,0,1]},
{"frame":21,"values":[-0.3001,-0.1814,-0.9365,0,0.947,-0.1745,-0.2697,0,-0.1145,-0.9678,0.2242,0,0,0.5222,0,1]},
{"frame":22,"values":[-0.3427,-0.1696,-0.924,0,0.9344,-0.1628,-0.3167,0,-0.0967,-0.972,0.2142,0,0,0.5222,0,1]},
{"frame":23,"values":[-0.392,-0.1726,-0.9036,0,0.9168,-0.1549,-0.3681,0,-0.0765,-0.9727,0.2189,0,0,0.5222,0,1]},
{"frame":24,"values":[-0.4295,-0.1814,-0.8846,0,0.9009,-0.1535,-0.4059,0,-0.0621,-0.9714,0.2294,0,0,0.5222,0,1]},
{"frame":25,"values":[-0.446,-0.1874,-0.8752,0,0.8931,-0.1577,-0.4214,0,-0.059,-0.9695,0.2377,0,0,0.5222,0,1]},
{"frame":26,"values":[-0.4558,-0.1857,-0.8705,0,0.8867,-0.1806,-0.4257,0,-0.0781,-0.9659,0.247,0,0,0.5222,0,1]},
{"frame":27,"values":[-0.4723,-0.1745,-0.864,0,0.8724,-0.2325,-0.43,0,-0.1258,-0.9568,0.2621,0,0,0.5222,0,1]},
{"frame":28,"values":[-0.4899,-0.1577,-0.8574,0,0.852,-0.295,-0.4326,0,-0.1847,-0.9424,0.2788,0,0,0.5222,0,1]},
{"frame":29,"values":[-0.5019,-0.1435,-0.853,0,0.8341,-0.3414,-0.4333,0,-0.229,-0.9289,0.291,0,0,0.5222,0,1]},
{"frame":30,"values":[-0.5058,-0.1383,-0.8515,0,0.8273,-0.3575,-0.4333,0,-0.2444,-0.9236,0.2952,0,0,0.5222,0,1]},
{"frame":31,"values":[-0.5019,-0.1435,-0.853,0,0.8341,-0.3414,-0.4333,0,-0.229,-0.9289,0.291,0,0,0.5222,0,1]},
{"frame":32,"values":[-0.4899,-0.1577,-0.8574,0,0.852,-0.295,-0.4326,0,-0.1847,-0.9424,0.2788,0,0,0.5222,0,1]},
{"frame":33,"values":[-0.4723,-0.1745,-0.864,0,0.8724,-0.2325,-0.43,0,-0.1258,-0.9568,0.2621,0,0,0.5222,0,1]},
{"frame":34,"values":[-0.4558,-0.1857,-0.8705,0,0.8867,-0.1806,-0.4257,0,-0.0781,-0.9659,0.247,0,0,0.5222,0,1]},
{"frame":35,"values":[-0.446,-0.1874,-0.8752,0,0.8931,-0.1577,-0.4214,0,-0.059,-0.9695,0.2377,0,0,0.5222,0,1]},
{"frame":36,"values":[-0.4295,-0.1814,-0.8846,0,0.9009,-0.1535,-0.4059,0,-0.0621,-0.9714,0.2294,0,0,0.5222,0,1]},
{"frame":37,"values":[-0.392,-0.1726,-0.9036,0,0.9168,-0.1549,-0.3681,0,-0.0765,-0.9727,0.2189,0,0,0.5222,0,1]},
{"frame":38,"values":[-0.3427,-0.1696,-0.924,0,0.9344,-0.1628,-0.3167,0,-0.0967,-0.972,0.2142,0,0,0.5222,0,1]},
{"frame":39,"values":[-0.3001,-0.1814,-0.9365,0,0.947,-0.1745,-0.2697,0,-0.1145,-0.9678,0.2242,0,0,0.5222,0,1]},
{"frame":40,"values":[-0.278,-0.2101,-0.9373,0,0.9525,-0.1865,-0.2407,0,-0.1243,-0.9597,0.252,0,0,0.5222,0,1]},
{"frame":41,"values":[-0.3309,-0.289,-0.8983,0,0.9206,-0.308,-0.24,0,-0.2073,-0.9064,0.368,0,0,0.5222,0,1]},
{"frame":51,"values":[-0.3431,-0.2753,-0.898,0,0.9032,-0.3593,-0.2349,0,-0.258,-0.8917,0.372,0,0,0.5222,0,1]},
{"frame":52,"values":[-0.3546,-0.261,-0.8978,0,0.8829,-0.4096,-0.2296,0,-0.3078,-0.8741,0.3757,0,0,0.5222,0,1]},
{"frame":53,"values":[-0.3507,-0.266,-0.8979,0,0.8902,-0.3924,-0.2315,0,-0.2908,-0.8805,0.3744,0,0,0.5222,0,1]},
{"frame":54,"values":[-0.3415,-0.2773,-0.8981,0,0.9057,-0.3523,-0.2356,0,-0.2511,-0.8939,0.3714,0,0,0.5222,0,1]},
{"frame":55,"values":[-0.3352,-0.2843,-0.8982,0,0.9149,-0.3259,-0.2383,0,-0.225,-0.9016,0.3694,0,0,0.5222,0,1]},
{"frame":56,"values":[-0.3338,-0.2864,-0.8981,0,0.9173,-0.3183,-0.2394,0,-0.2173,-0.9037,0.3689,0,0,0.5222,0,1]},
{"frame":57,"values":[-0.3342,-0.2869,-0.8978,0,0.9175,-0.3168,-0.2404,0,-0.2155,-0.9041,0.3691,0,0,0.5222,0,1]},
{"frame":58,"values":[-0.334,-0.2872,-0.8977,0,0.9179,-0.3154,-0.2406,0,-0.2141,-0.9044,0.369,0,0,0.5222,0,1]},
{"frame":59,"values":[-0.3309,-0.289,-0.8983,0,0.9206,-0.308,-0.24,0,-0.2073,-0.9064,0.368,0,0,0.5222,0,1]},
{"frame":60,"values":[-0.278,-0.2101,-0.9373,0,0.9525,-0.1865,-0.2407,0,-0.1243,-0.9597,0.252,0,0,0.5222,0,1]},
{"frame":71,"values":[-0.2941,-0.2087,-0.9327,0,0.9412,-0.2332,-0.2446,0,-0.1664,-0.9498,0.265,0,0,0.5222,0,1]},
{"frame":72,"values":[-0.339,-0.2003,-0.9192,0,0.8973,-0.3625,-0.252,0,-0.2828,-0.9102,0.3026,0,0,0.5222,0,1]},
{"frame":73,"values":[-0.3944,-0.1802,-0.9011,0,0.8161,-0.5194,-0.2533,0,-0.4224,-0.8353,0.352,0,0,0.5222,0,1]},
{"frame":74,"values":[-0.4341,-0.1579,-0.8869,0,0.7358,-0.6301,-0.248,0,-0.5197,-0.7603,0.3897,0,0,0.5222,0,1]},
{"frame":75,"values":[-0.4473,-0.1487,-0.882,0,0.7043,-0.6664,-0.2448,0,-0.5513,-0.7306,0.4028,0,0,0.5222,0,1]},
{"frame":80,"values":[-0.4341,-0.1579,-0.8869,0,0.7358,-0.6301,-0.248,0,-0.5197,-0.7603,0.3897,0,0,0.5222,0,1]},
{"frame":81,"values":[-0.3944,-0.1802,-0.9011,0,0.8161,-0.5194,-0.2533,0,-0.4224,-0.8353,0.352,0,0,0.5222,0,1]},
{"frame":82,"values":[-0.339,-0.2003,-0.9192,0,0.8973,-0.3625,-0.252,0,-0.2828,-0.9102,0.3026,0,0,0.5222,0,1]},
{"frame":83,"values":[-0.2941,-0.2087,-0.9327,0,0.9412,-0.2332,-0.2446,0,-0.1664,-0.9498,0.265,0,0,0.5222,0,1]},
{"frame":84,"values":[-0.278,-0.2101,-0.9373,0,0.9525,-0.1865,-0.2407,0,-0.1243,-0.9597,0.252,0,0,0.5222,0,1]},
{"frame":90,"values":[-0.278,-0.2101,-0.9373,0,0.9525,-0.1865,-0.2407,0,-0.1243,-0.9597,0.252,0,0,0.5222,0,1]},
{"frame":91,"values":[-0.278,-0.2101,-0.9373,0,0.9525,-0.1865,-0.2407,0,-0.1243,-0.9597,0.252,0,0,0.5222,0,1]}],"loopBehavior":1,"name":"anim","property":"_matrix"}},
{"name":"Bone.003","index":5,"matrix":[0.3704,-0.5738,-0.7305,0,0.7264,-0.3112,0.6128,0,-0.5789,-0.7576,0.3016,0,0,1.0776,0,1],"rest":[-0.0085,-0.5732,-0.8194,0,0.9271,-0.3115,0.2083,0,-0.3747,-0.7579,0.5341,0,0,1.0776,0,1],"parentBoneIndex":0,"length":0.3382
,"animation":{"dataType":3,"framePerSecond":24,"keys":[
{"frame":0,"values":[0.3704,-0.5738,-0.7305,0,0.7264,-0.3112,0.6128,0,-0.5789,-0.7576,0.3016,0,0,1.0776,0,1]},
{"frame":1,"values":[0.3905,-0.5716,-0.7217,0,0.7139,-0.3069,0.6294,0,-0.5812,-0.761,0.2882,0,0,1.0776,0,1]},
{"frame":2,"values":[0.4353,-0.5661,-0.7,0,0.6841,-0.2975,0.6659,0,-0.5853,-0.7688,0.2578,0,0,1.0776,0,1]},
{"frame":3,"values":[0.4917,-0.5581,-0.6684,0,0.6423,-0.2858,0.7112,0,-0.5879,-0.779,0.2179,0,0,1.0776,0,1]},
{"frame":4,"values":[0.5487,-0.5486,-0.6309,0,0.5947,-0.2743,0.7557,0,-0.5876,-0.7898,0.1757,0,0,1.0776,0,1]},
{"frame":5,"values":[0.601,-0.5384,-0.5907,0,0.5454,-0.264,0.7955,0,-0.5842,-0.8003,0.1349,0,0,1.0776,0,1]},
{"frame":6,"values":[0.6459,-0.5283,-0.5511,0,0.4981,-0.2555,0.8286,0,-0.5785,-0.8097,0.0982,0,0,1.0776,0,1]},
{"frame":7,"values":[0.6819,-0.5191,-0.5152,0,0.4562,-0.2488,0.8544,0,-0.5717,-0.8177,0.0672,0,0,1.0776,0,1]},
{"frame":8,"values":[0.7084,-0.5117,-0.4861,0,0.4226,-0.244,0.8728,0,-0.5652,-0.8238,0.0434,0,0,1.0776,0,1]},
{"frame":9,"values":[0.725,-0.5067,-0.4665,0,0.4004,-0.2411,0.8841,0,-0.5604,-0.8277,0.0281,0,0,1.0776,0,1]},
{"frame":10,"values":[0.7308,-0.5049,-0.4594,0,0.3924,-0.2401,0.8879,0,-0.5586,-0.8291,0.0227,0,0,1.0776,0,1]},
{"frame":11,"values":[0.725,-0.5067,-0.4665,0,0.4004,-0.2411,0.8841,0,-0.5604,-0.8277,0.0281,0,0,1.0776,0,1]},
{"frame":12,"values":[0.7084,-0.5117,-0.4861,0,0.4226,-0.244,0.8728,0,-0.5652,-0.8238,0.0434,0,0,1.0776,0,1]},
{"frame":13,"values":[0.6819,-0.5191,-0.5152,0,0.4562,-0.2488,0.8544,0,-0.5717,-0.8177,0.0672,0,0,1.0776,0,1]},
{"frame":14,"values":[0.6459,-0.5283,-0.5511,0,0.4981,-0.2555,0.8286,0,-0.5785,-0.8097,0.0982,0,0,1.0776,0,1]},
{"frame":15,"values":[0.601,-0.5384,-0.5907,0,0.5454,-0.264,0.7955,0,-0.5842,-0.8003,0.1349,0,0,1.0776,0,1]},
{"frame":16,"values":[0.5487,-0.5486,-0.6309,0,0.5947,-0.2743,0.7557,0,-0.5876,-0.7898,0.1757,0,0,1.0776,0,1]},
{"frame":17,"values":[0.4917,-0.5581,-0.6684,0,0.6423,-0.2858,0.7112,0,-0.5879,-0.779,0.2179,0,0,1.0776,0,1]},
{"frame":18,"values":[0.4353,-0.5661,-0.7,0,0.6841,-0.2975,0.6659,0,-0.5853,-0.7688,0.2578,0,0,1.0776,0,1]},
{"frame":19,"values":[0.3905,-0.5716,-0.7217,0,0.7139,-0.3069,0.6294,0,-0.5812,-0.761,0.2882,0,0,1.0776,0,1]},
{"frame":20,"values":[0.3704,-0.5738,-0.7305,0,0.7264,-0.3112,0.6128,0,-0.5789,-0.7576,0.3016,0,0,1.0776,0,1]},
{"frame":41,"values":[0.3905,-0.5716,-0.7217,0,0.7139,-0.3069,0.6294,0,-0.5812,-0.761,0.2882,0,0,1.0776,0,1]},
{"frame":42,"values":[0.4514,-0.5639,-0.6916,0,0.6728,-0.294,0.6789,0,-0.5862,-0.7717,0.2467,0,0,1.0776,0,1]},
{"frame":43,"values":[0.5303,-0.5517,-0.6437,0,0.6109,-0.2779,0.7414,0,-0.5879,-0.7864,0.1897,0,0,1.0776,0,1]},
{"frame":44,"values":[0.6092,-0.5365,-0.584,0,0.5373,-0.2623,0.8015,0,-0.5833,-0.8021,0.1285,0,0,1.0776,0,1]},
{"frame":45,"values":[0.6795,-0.5197,-0.5179,0,0.4593,-0.2491,0.8526,0,-0.5722,-0.8172,0.0694,0,0,1.0776,0,1]},
{"frame":46,"values":[0.7371,-0.5028,-0.4516,0,0.3835,-0.2389,0.8921,0,-0.5565,-0.8307,0.0168,0,0,1.0776,0,1]},
{"frame":47,"values":[0.7807,-0.4874,-0.391,0,0.3161,-0.2317,0.92,0,-0.539,-0.8419,-0.0268,0,0,1.0776,0,1]},
{"frame":48,"values":[0.811,-0.4748,-0.3418,0,0.2623,-0.227,0.9379,0,-0.5229,-0.8503,-0.0596,0,0,1.0776,0,1]},
{"frame":49,"values":[0.8289,-0.4664,-0.3088,0,0.2268,-0.2245,0.9477,0,-0.5114,-0.8556,-0.0803,0,0,1.0776,0,1]},
{"frame":50,"values":[0.835,-0.4634,-0.2969,0,0.214,-0.2236,0.9509,0,-0.507,-0.8575,-0.0876,0,0,1.0776,0,1]},
{"frame":53,"values":[0.7944,-0.4819,-0.3696,0,0.2927,-0.2295,0.9283,0,-0.5322,-0.8456,-0.0413,0,0,1.0776,0,1]},
{"frame":54,"values":[0.6688,-0.5225,-0.5289,0,0.4721,-0.2511,0.845,0,-0.5743,-0.8148,0.0788,0,0,1.0776,0,1]},
{"frame":55,"values":[0.5498,-0.5484,-0.6301,0,0.5937,-0.2741,0.7566,0,-0.5876,-0.79,0.1749,0,0,1.0776,0,1]},
{"frame":56,"values":[0.4831,-0.5595,-0.6735,0,0.6488,-0.2877,0.7044,0,-0.5879,-0.7773,0.224,0,0,1.0776,0,1]},
{"frame":57,"values":[0.4413,-0.5654,-0.6968,0,0.6797,-0.2964,0.6709,0,-0.5859,-0.7697,0.2535,0,0,1.0776,0,1]},
{"frame":58,"values":[0.4165,-0.5685,-0.7094,0,0.6969,-0.3015,0.6507,0,-0.5838,-0.7654,0.2706,0,0,1.0776,0,1]},
{"frame":59,"values":[0.3905,-0.5716,-0.7217,0,0.7139,-0.3069,0.6294,0,-0.5812,-0.761,0.2882,0,0,1.0776,0,1]},
{"frame":60,"values":[0.3704,-0.5738,-0.7305,0,0.7264,-0.3112,0.6128,0,-0.5789,-0.7576,0.3016,0,0,1.0776,0,1]},
{"frame":84,"values":[0.3704,-0.5738,-0.7305,0,0.7264,-0.3112,0.6128,0,-0.5789,-0.7576,0.3016,0,0,1.0776,0,1]},
{"frame":90,"values":[0.3704,-0.5738,-0.7305,0,0.7264,-0.3112,0.6128,0,-0.5789,-0.7576,0.3016,0,0,1.0776,0,1]},
{"frame":91,"values":[0.3704,-0.5738,-0.7305,0,0.7264,-0.3112,0.6128,0,-0.5789,-0.7576,0.3016,0,0,1.0776,0,1]}],"loopBehavior":1,"name":"anim","property":"_matrix"}},
{"name":"Bone.011","index":6,"matrix":[0.7805,0.5423,-0.311,0,-0.0734,0.5735,0.8159,0,0.6209,-0.614,0.4874,0,0,0.3382,0,1],"rest":[0.9375,-0.3381,-0.0827,0,0.3381,0.828,0.4473,0,-0.0827,-0.4473,0.8905,0,0,0.3382,0,1],"parentBoneIndex":5,"length":0.5242
,"animation":{"dataType":3,"framePerSecond":24,"keys":[
{"frame":0,"values":[0.7805,0.5423,-0.311,0,-0.0734,0.5735,0.8159,0,0.6209,-0.614,0.4874,0,0,0.3382,0,1]},
{"frame":1,"values":[0.8995,-0.4368,0.0086,0,0.4183,0.8668,0.2716,0,-0.1261,-0.2407,0.9624,0,0,0.3382,0,1]},
{"frame":2,"values":[0.8605,-0.5054,0.0647,0,0.4742,0.8408,0.2611,0,-0.1863,-0.194,0.9631,0,0,0.3382,0,1]},
{"frame":3,"values":[0.8328,-0.5446,0.0993,0,0.5075,0.8227,0.2561,0,-0.2211,-0.1629,0.9615,0,0,0.3382,0,1]},
{"frame":4,"values":[0.8135,-0.5687,0.1216,0,0.5286,0.8102,0.2533,0,-0.2426,-0.1418,0.9597,0,0,0.3382,0,1]},
{"frame":5,"values":[0.8004,-0.5838,0.1361,0,0.542,0.8018,0.2517,0,-0.2561,-0.1276,0.9582,0,0,0.3382,0,1]},
{"frame":6,"values":[0.7919,-0.5931,0.1453,0,0.5505,0.7964,0.2506,0,-0.2644,-0.1184,0.9571,0,0,0.3382,0,1]},
{"frame":7,"values":[0.7868,-0.5985,0.1508,0,0.5554,0.7931,0.2499,0,-0.2692,-0.1128,0.9565,0,0,0.3382,0,1]},
{"frame":8,"values":[0.7841,-0.6013,0.1537,0,0.558,0.7914,0.2494,0,-0.2716,-0.1098,0.9561,0,0,0.3382,0,1]},
{"frame":9,"values":[0.783,-0.6024,0.1549,0,0.5591,0.7908,0.2491,0,-0.2726,-0.1084,0.956,0,0,0.3382,0,1]},
{"frame":10,"values":[0.7828,-0.6026,0.1552,0,0.5593,0.7907,0.249,0,-0.2727,-0.1082,0.956,0,0,0.3382,0,1]},
{"frame":11,"values":[0.783,-0.6024,0.1549,0,0.5591,0.7908,0.2491,0,-0.2726,-0.1084,0.956,0,0,0.3382,0,1]},
{"frame":12,"values":[0.7841,-0.6013,0.1537,0,0.558,0.7914,0.2494,0,-0.2716,-0.1098,0.9561,0,0,0.3382,0,1]},
{"frame":13,"values":[0.7868,-0.5985,0.1508,0,0.5554,0.7931,0.2499,0,-0.2692,-0.1128,0.9565,0,0,0.3382,0,1]},
{"frame":14,"values":[0.7919,-0.5931,0.1453,0,0.5505,0.7964,0.2506,0,-0.2644,-0.1184,0.9571,0,0,0.3382,0,1]},
{"frame":15,"values":[0.8004,-0.5838,0.1361,0,0.542,0.8018,0.2517,0,-0.2561,-0.1276,0.9582,0,0,0.3382,0,1]},
{"frame":16,"values":[0.8135,-0.5687,0.1216,0,0.5286,0.8102,0.2533,0,-0.2426,-0.1418,0.9597,0,0,0.3382,0,1]},
{"frame":17,"values":[0.8328,-0.5446,0.0993,0,0.5075,0.8227,0.2561,0,-0.2211,-0.1629,0.9615,0,0,0.3382,0,1]},
{"frame":18,"values":[0.8605,-0.5054,0.0647,0,0.4742,0.8408,0.2611,0,-0.1863,-0.194,0.9631,0,0,0.3382,0,1]},
{"frame":19,"values":[0.8995,-0.4368,0.0086,0,0.4183,0.8668,0.2716,0,-0.1261,-0.2407,0.9624,0,0,0.3382,0,1]},
{"frame":20,"values":[0.7805,0.5423,-0.311,0,-0.0734,0.5735,0.8159,0,0.6209,-0.614,0.4874,0,0,0.3382,0,1]},
{"frame":21,"values":[0.7017,0.6486,-0.2949,0,-0.0943,0.4948,0.8639,0,0.7062,-0.5784,0.4084,0,0,0.3382,0,1]},
{"frame":22,"values":[0.6406,0.7164,-0.2765,0,-0.1024,0.4365,0.8938,0,0.761,-0.5443,0.353,0,0,0.3382,0,1]},
{"frame":23,"values":[0.6071,0.7493,-0.2646,0,-0.1045,0.4054,0.9082,0,0.7877,-0.5237,0.3244,0,0,0.3382,0,1]},
{"frame":24,"values":[0.596,0.7596,-0.2604,0,-0.1049,0.3952,0.9126,0,0.7961,-0.5166,0.3152,0,0,0.3382,0,1]},
{"frame":25,"values":[0.5947,0.7607,-0.2599,0,-0.1049,0.394,0.9131,0,0.797,-0.5158,0.3142,0,0,0.3382,0,1]},
{"frame":36,"values":[0.596,0.7596,-0.2604,0,-0.1049,0.3952,0.9126,0,0.7961,-0.5166,0.3152,0,0,0.3382,0,1]},
{"frame":37,"values":[0.6071,0.7493,-0.2646,0,-0.1045,0.4054,0.9082,0,0.7877,-0.5237,0.3244,0,0,0.3382,0,1]},
{"frame":38,"values":[0.6406,0.7164,-0.2765,0,-0.1024,0.4365,0.8938,0,0.761,-0.5443,0.353,0,0,0.3382,0,1]},
{"frame":39,"values":[0.7017,0.6486,-0.2949,0,-0.0943,0.4948,0.8639,0,0.7062,-0.5784,0.4084,0,0,0.3382,0,1]},
{"frame":40,"values":[0.7805,0.5423,-0.311,0,-0.0734,0.5735,0.8159,0,0.6209,-0.614,0.4874,0,0,0.3382,0,1]},
{"frame":41,"values":[0.8995,-0.4368,0.0086,0,0.4183,0.8668,0.2716,0,-0.1261,-0.2407,0.9624,0,0,0.3382,0,1]},
{"frame":42,"values":[0.8432,-0.5306,0.0866,0,0.4955,0.8294,0.2581,0,-0.2088,-0.1748,0.9622,0,0,0.3382,0,1]},
{"frame":43,"values":[0.8015,-0.5826,0.1346,0,0.5407,0.8023,0.2528,0,-0.2553,-0.1298,0.9581,0,0,0.3382,0,1]},
{"frame":44,"values":[0.7719,-0.6137,0.1656,0,0.5691,0.7833,0.2503,0,-0.2834,-0.099,0.9539,0,0,0.3382,0,1]},
{"frame":45,"values":[0.7515,-0.633,0.1859,0,0.5871,0.7702,0.249,0,-0.3008,-0.078,0.9505,0,0,0.3382,0,1]},
{"frame":46,"values":[0.7381,-0.6447,0.1988,0,0.5985,0.7617,0.2482,0,-0.3114,-0.0642,0.9481,0,0,0.3382,0,1]},
{"frame":47,"values":[0.7299,-0.6516,0.2066,0,0.6053,0.7565,0.2476,0,-0.3176,-0.0556,0.9466,0,0,0.3382,0,1]},
{"frame":48,"values":[0.7254,-0.6552,0.2109,0,0.609,0.7537,0.2471,0,-0.3208,-0.0508,0.9458,0,0,0.3382,0,1]},
{"frame":49,"values":[0.7235,-0.6567,0.2127,0,0.6105,0.7526,0.2468,0,-0.3221,-0.0487,0.9454,0,0,0.3382,0,1]},
{"frame":50,"values":[0.7231,-0.657,0.2131,0,0.6109,0.7523,0.2466,0,-0.3224,-0.0482,0.9454,0,0,0.3382,0,1]},
{"frame":56,"values":[0.727,-0.6539,0.2093,0,0.6076,0.7547,0.2473,0,-0.3197,-0.0526,0.9461,0,0,0.3382,0,1]},
{"frame":57,"values":[0.753,-0.6317,0.1844,0,0.5859,0.7712,0.2491,0,-0.2996,-0.0795,0.9508,0,0,0.3382,0,1]},
{"frame":58,"values":[0.8163,-0.5654,0.1183,0,0.5255,0.8119,0.2544,0,-0.2398,-0.1455,0.9598,0,0,0.3382,0,1]},
{"frame":59,"values":[0.8995,-0.4368,0.0086,0,0.4183,0.8668,0.2716,0,-0.1261,-0.2407,0.9624,0,0,0.3382,0,1]},
{"frame":60,"values":[0.7805,0.5423,-0.311,0,-0.0734,0.5735,0.8159,0,0.6209,-0.614,0.4874,0,0,0.3382,0,1]},
{"frame":61,"values":[0.8038,0.4851,-0.3444,0,-0.0591,0.6411,0.7652,0,0.592,-0.5947,0.5439,0,0,0.3382,0,1]},
{"frame":62,"values":[0.8627,0.2982,-0.4084,0,-0.0016,0.8092,0.5875,0,0.5057,-0.5062,0.6986,0,0,0.3382,0,1]},
{"frame":63,"values":[0.9135,0.0244,-0.406,0,0.1086,0.9474,0.3012,0,0.392,-0.3192,0.8628,0,0,0.3382,0,1]},
{"frame":64,"values":[0.9293,-0.1896,-0.317,0,0.2178,0.9744,0.0557,0,0.2983,-0.1208,0.9468,0,0,0.3382,0,1]},
{"frame":65,"values":[0.9357,-0.2729,-0.2237,0,0.2689,0.9619,-0.0488,0,0.2285,-0.0145,0.9734,0,0,0.3382,0,1]},
{"frame":66,"values":[0.9472,-0.2826,-0.1515,0,0.2738,0.9587,-0.0766,0,0.1669,0.0311,0.9855,0,0,0.3382,0,1]},
{"frame":67,"values":[0.96,-0.2649,-0.0905,0,0.2565,0.9619,-0.0949,0,0.1122,0.0679,0.9914,0,0,0.3382,0,1]},
{"frame":68,"values":[0.9733,-0.2248,-0.0472,0,0.219,0.9701,-0.1046,0,0.0693,0.0914,0.9934,0,0,0.3382,0,1]},
{"frame":69,"values":[0.9841,-0.176,-0.0222,0,0.1727,0.979,-0.108,0,0.0408,0.1025,0.9939,0,0,0.3382,0,1]},
{"frame":70,"values":[0.9912,-0.1317,-0.0104,0,0.1298,0.9856,-0.1084,0,0.0245,0.1061,0.9941,0,0,0.3382,0,1]},
{"frame":71,"values":[0.9965,-0.0801,-0.0235,0,0.0777,0.993,-0.089,0,0.0304,0.0869,0.9958,0,0,0.3382,0,1]},
{"frame":72,"values":[0.9974,-0.0072,-0.0716,0,0.0049,0.9995,-0.0317,0,0.0718,0.0313,0.9969,0,0,0.3382,0,1]},
{"frame":73,"values":[0.9887,0.0718,-0.1319,0,-0.0662,0.9967,0.0461,0,0.1348,-0.0369,0.9902,0,0,0.3382,0,1]},
{"frame":74,"values":[0.9758,0.1299,-0.1757,0,-0.1119,0.9877,0.109,0,0.1877,-0.0867,0.9784,0,0,0.3382,0,1]},
{"frame":75,"values":[0.9702,0.15,-0.1905,0,-0.1262,0.9833,0.1315,0,0.2071,-0.1036,0.9728,0,0,0.3382,0,1]},
{"frame":80,"values":[0.9597,0.18,-0.2156,0,-0.1368,0.97,0.2011,0,0.2453,-0.1635,0.9555,0,0,0.3382,0,1]},
{"frame":81,"values":[0.922,0.274,-0.2738,0,-0.1513,0.9054,0.3966,0,0.3565,-0.3243,0.8762,0,0,0.3382,0,1]},
{"frame":82,"values":[0.8581,0.406,-0.3143,0,-0.1335,0.7676,0.6269,0,0.4958,-0.496,0.7129,0,0,0.3382,0,1]},
{"frame":83,"values":[0.8012,0.5079,-0.3163,0,-0.0927,0.6276,0.773,0,0.5911,-0.5901,0.5499,0,0,0.3382,0,1]},
{"frame":84,"values":[0.7805,0.5423,-0.311,0,-0.0734,0.5735,0.8159,0,0.6209,-0.614,0.4874,0,0,0.3382,0,1]},
{"frame":90,"values":[0.7805,0.5423,-0.311,0,-0.0734,0.5735,0.8159,0,0.6209,-0.614,0.4874,0,0,0.3382,0,1]},
{"frame":91,"values":[0.7805,0.5423,-0.311,0,-0.0734,0.5735,0.8159,0,0.6209,-0.614,0.4874,0,0,0.3382,0,1]}],"loopBehavior":1,"name":"anim","property":"_matrix"}},
{"name":"Bone.005","index":7,"matrix":[-0.7251,-0.6752,-0.1354,0,-0.6734,0.7364,-0.0657,0,0.1441,0.0435,-0.9886,0,0,0.5242,0,1],"rest":[0.2044,-0.5514,0.8088,0,-0.7518,0.4407,0.4904,0,-0.6269,-0.7084,-0.3244,0,0,0.5242,0,1],"parentBoneIndex":6,"length":0.4127
,"animation":{"dataType":3,"framePerSecond":24,"keys":[
{"frame":0,"values":[-0.7251,-0.6752,-0.1354,0,-0.6734,0.7364,-0.0657,0,0.1441,0.0435,-0.9886,0,0,0.5242,0,1]},
{"frame":1,"values":[0.2039,-0.9739,-0.0996,0,-0.6139,-0.2064,0.7619,0,-0.7626,-0.0942,-0.64,0,0,0.5242,0,1]},
{"frame":20,"values":[-0.7251,-0.6752,-0.1354,0,-0.6734,0.7364,-0.0657,0,0.1441,0.0435,-0.9886,0,0,0.5242,0,1]},
{"frame":21,"values":[-0.7583,-0.6275,-0.1766,0,-0.6059,0.7784,-0.1643,0,0.2406,-0.0176,-0.9705,0,0,0.5242,0,1]},
{"frame":22,"values":[-0.7806,-0.5898,-0.2067,0,-0.5494,0.8052,-0.223,0,0.2979,-0.0605,-0.9527,0,0,0.5242,0,1]},
{"frame":23,"values":[-0.7921,-0.5684,-0.2224,0,-0.5173,0.8186,-0.2498,0,0.3241,-0.0828,-0.9424,0,0,0.5242,0,1]},
{"frame":24,"values":[-0.7925,-0.5653,-0.2288,0,-0.5083,0.8196,-0.2645,0,0.3371,-0.0933,-0.9368,0,0,0.5242,0,1]},
