{"producer":{"name":"Blender","version":"2.78 (sub 0)","exporter_version":"4.6.1","file":"sora.babylon"},
"autoClear":true,"clearColor":[0.0509,0.0509,0.0509],"ambientColor":[0,0,0],"gravity":[0,-9.81,0],
"materials":[{"name":"sora.0e34ea0e_dds","id":"sora.0e34ea0e_dds","ambient":[0,0,0],"diffuse":[0.7,0.7,0.7],"specular":[0.1,0.1,0.1],"emissive":[0,0,0],"specularPower":6,"alpha":1,"backFaceCulling":true,"checkReadyOnlyOnce":false, 
"ambientTexture":{"name":"0e34ea0e.PNG","level":1,"hasAlpha":1,"coordinatesMode":0,"uOffset":0,"vOffset":0,"uScale":1,"vScale":1,"uAng":0,"vAng":0,"wAng":0,"wrapU":1,"wrapV":1,"coordinatesIndex":0}, 
"diffuseTexture":{"name":"0e34ea0e.PNG","level":1,"hasAlpha":1,"coordinatesMode":0,"uOffset":0,"vOffset":0,"uScale":1,"vScale":1,"uAng":0,"vAng":0,"wAng":0,"wrapU":1,"wrapV":1,"coordinatesIndex":0}, 
"opacityTexture":{"name":"0e34ea0e.PNG","level":1,"hasAlpha":1,"coordinatesMode":0,"uOffset":0,"vOffset":0,"uScale":1,"vScale":1,"uAng":0,"vAng":0,"wAng":0,"wrapU":1,"wrapV":1,"coordinatesIndex":0}},
{"name":"sora.21d2de5f_dds","id":"sora.21d2de5f_dds","ambient":[0,0,0],"diffuse":[0.7,0.7,0.7],"specular":[0.1,0.1,0.1],"emissive":[0,0,0],"specularPower":6,"alpha":1,"backFaceCulling":true,"checkReadyOnlyOnce":false, 
"ambientTexture":{"name":"21d2de5f.PNG","level":1,"hasAlpha":1,"coordinatesMode":0,"uOffset":0,"vOffset":0,"uScale":1,"vScale":1,"uAng":0,"vAng":0,"wAng":0,"wrapU":1,"wrapV":1,"coordinatesIndex":0}, 
"diffuseTexture":{"name":"21d2de5f.PNG","level":1,"hasAlpha":1,"coordinatesMode":0,"uOffset":0,"vOffset":0,"uScale":1,"vScale":1,"uAng":0,"vAng":0,"wAng":0,"wrapU":1,"wrapV":1,"coordinatesIndex":0}, 
"opacityTexture":{"name":"21d2de5f.PNG","level":1,"hasAlpha":1,"coordinatesMode":0,"uOffset":0,"vOffset":0,"uScale":1,"vScale":1,"uAng":0,"vAng":0,"wAng":0,"wrapU":1,"wrapV":1,"coordinatesIndex":0}},
{"name":"sora.114c6d47_dds","id":"sora.114c6d47_dds","ambient":[0,0,0],"diffuse":[0.7,0.7,0.7],"specular":[0.1,0.1,0.1],"emissive":[0,0,0],"specularPower":6,"alpha":1,"backFaceCulling":true,"checkReadyOnlyOnce":false, 
"ambientTexture":{"name":"114c6d47.PNG","level":1,"hasAlpha":1,"coordinatesMode":0,"uOffset":0,"vOffset":0,"uScale":1,"vScale":1,"uAng":0,"vAng":0,"wAng":0,"wrapU":1,"wrapV":1,"coordinatesIndex":0}, 
"diffuseTexture":{"name":"114c6d47.PNG","level":1,"hasAlpha":1,"coordinatesMode":0,"uOffset":0,"vOffset":0,"uScale":1,"vScale":1,"uAng":0,"vAng":0,"wAng":0,"wrapU":1,"wrapV":1,"coordinatesIndex":0}, 
"opacityTexture":{"name":"114c6d47.PNG","level":1,"hasAlpha":1,"coordinatesMode":0,"uOffset":0,"vOffset":0,"uScale":1,"vScale":1,"uAng":0,"vAng":0,"wAng":0,"wrapU":1,"wrapV":1,"coordinatesIndex":0}}],
"multiMaterials":[{"name":"sora.Multimaterial#0","id":"sora.Multimaterial#0","materials":["sora.0e34ea0e_dds","sora.21d2de5f_dds","sora.114c6d47_dds"]}],
"skeletons":[{"name":"Armature","id":0,"dimensionsAtRest":[1.2286,3.1992,0.6292],"bones":[
{"name":"Bone","index":0,"matrix":[1,0,0,0,0,1,0,0,0,0,-1,0,-0.005,2.1768,0.8973,1],"rest":[1,0,0,0,0,1,0,0,0,0,-1,0,-0.005,2.1768,0.8973,1],"parentBoneIndex":-1,"length":0.9302
,"animation":{"dataType":3,"framePerSecond":24,"keys":[
{"frame":0,"values":[1,0,0,0,0,1,0,0,0,0,-1,0,-0.005,2.1768,0.8973,1]},
{"frame":20,"values":[1,0,0,0,0,1,0,0,0,0,-1,0,-0.005,2.1768,0.8973,1]}],"loopBehavior":1,"name":"anim","property":"_matrix"}},
{"name":"Bone.001","index":1,"matrix":[0,0,1,0,0.9555,-0.2949,0,0,0.2949,0.9555,0,0,0,0.9302,0,1],"rest":[0,0,1,0,0.9555,-0.2949,0,0,0.2949,0.9555,0,0,0,0.9302,0,1],"parentBoneIndex":0,"length":0.3511
,"animation":{"dataType":3,"framePerSecond":24,"keys":[
{"frame":0,"values":[0,0,1,0,0.9555,-0.2949,0,0,0.2949,0.9555,0,0,0,0.9302,0,1]},
{"frame":20,"values":[0,0,1,0,0.9555,-0.2949,0,0,0.2949,0.9555,0,0,0,0.9302,0,1]}],"loopBehavior":1,"name":"anim","property":"_matrix"}},
{"name":"Bone.009","index":2,"matrix":[1,0,0,0,0,0.5348,-0.845,0,0,0.845,0.5348,0,0,0.3511,0,1],"rest":[1,0,0,0,0,0.9555,0.2949,0,0,-0.2949,0.9555,0,0,0.3511,0,1],"parentBoneIndex":1,"length":0.4819
,"animation":{"dataType":3,"framePerSecond":24,"keys":[
{"frame":0,"values":[1,0,0,0,0,0.5348,-0.845,0,0,0.845,0.5348,0,0,0.3511,0,1]},
{"frame":1,"values":[0.5589,0.2446,-0.7923,0,-0.8003,0.4093,-0.4382,0,0.2171,0.879,0.4245,0,0,0.3511,0,1]},
{"frame":2,"values":[0.6236,0.2306,-0.747,0,-0.7545,0.4277,-0.4978,0,0.2047,0.874,0.4407,0,0,0.3511,0,1]},
{"frame":3,"values":[0.7498,0.1951,-0.6322,0,-0.6386,0.4636,-0.6142,0,0.1732,0.8643,0.4722,0,0,0.3511,0,1]},
{"frame":4,"values":[0.8747,0.143,-0.4632,0,-0.4678,0.4992,-0.7294,0,0.1269,0.8546,0.5035,0,0,0.3511,0,1]},
{"frame":5,"values":[0.9616,0.081,-0.2624,0,-0.265,0.5239,-0.8095,0,0.0719,0.8479,0.5252,0,0,0.3511,0,1]},
{"frame":6,"values":[0.998,0.0187,-0.0607,0,-0.0613,0.5343,-0.8431,0,0.0166,0.8451,0.5343,0,0,0.3511,0,1]},
{"frame":7,"values":[0.9928,-0.0353,0.1144,0,0.1155,0.5328,-0.8383,0,-0.0313,0.8455,0.533,0,0,0.3511,0,1]},
{"frame":8,"values":[0.9662,-0.076,0.2463,0,0.2488,0.5252,-0.8138,0,-0.0675,0.8476,0.5264,0,0,0.3511,0,1]},
{"frame":9,"values":[0.9391,-0.1013,0.3283,0,0.3316,0.5175,-0.7888,0,-0.09,0.8497,0.5196,0,0,0.3511,0,1]},
{"frame":10,"values":[0.9276,-0.1102,0.3569,0,0.3605,0.5142,-0.7782,0,-0.0978,0.8505,0.5167,0,0,0.3511,0,1]},
{"frame":11,"values":[0.9377,-0.1025,0.3319,0,0.3353,0.5171,-0.7875,0,-0.091,0.8498,0.5193,0,0,0.3511,0,1]},
{"frame":12,"values":[0.9641,-0.0783,0.2538,0,0.2563,0.5246,-0.8118,0,-0.0695,0.8477,0.5258,0,0,0.3511,0,1]},
{"frame":13,"values":[0.9923,-0.0366,0.1187,0,0.1199,0.5326,-0.8378,0,-0.0325,0.8456,0.5329,0,0,0.3511,0,1]},
{"frame":14,"values":[0.9975,0.0209,-0.0677,0,-0.0684,0.5341,-0.8426,0,0.0186,0.8452,0.5342,0,0,0.3511,0,1]},
{"frame":15,"values":[0.9561,0.0864,-0.2801,0,-0.2829,0.5223,-0.8045,0,0.0767,0.8483,0.5238,0,0,0.3511,0,1]},
{"frame":16,"values":[0.8658,0.1476,-0.4781,0,-0.4829,0.4966,-0.7212,0,0.131,0.8553,0.5013,0,0,0.3511,0,1]},
{"frame":17,"values":[0.7521,0.1944,-0.6297,0,-0.636,0.4643,-0.6164,0,0.1725,0.8641,0.4728,0,0,0.3511,0,1]},
{"frame":18,"values":[0.6496,0.2242,-0.7265,0,-0.7338,0.4351,-0.5218,0,0.1991,0.872,0.4472,0,0,0.3511,0,1]},
{"frame":19,"values":[0.5819,0.2399,-0.7771,0,-0.7849,0.4158,-0.4594,0,0.2129,0.8772,0.4302,0,0,0.3511,0,1]},
{"frame":20,"values":[0.5589,0.2446,-0.7923,0,-0.8003,0.4093,-0.4382,0,0.2171,0.879,0.4245,0,0,0.3511,0,1]}],"loopBehavior":1,"name":"anim","property":"_matrix"}},
{"name":"Bone.007","index":3,"matrix":[1,0,0,0,0,1,0,0,0,0,1,0,0,0.4819,0,1],"rest":[1,0,0,0,0,1,0,0,0,0,1,0,0,0.4819,0,1],"parentBoneIndex":2,"length":0.3109
,"animation":{"dataType":3,"framePerSecond":24,"keys":[
{"frame":0,"values":[1,0,0,0,0,1,0,0,0,0,1,0,0,0.4819,0,1]},
{"frame":1,"values":[0.7352,-0.6542,0.1775,0,0.6542,0.7533,0.0669,0,-0.1775,0.0669,0.9818,0,0,0.4819,0,1]},
{"frame":2,"values":[0.6082,-0.7661,0.2078,0,0.7661,0.6351,0.099,0,-0.2078,0.099,0.9731,0,0,0.4819,0,1]},
{"frame":3,"values":[0.5201,-0.8243,0.2236,0,0.8243,0.553,0.1213,0,-0.2236,0.1213,0.9671,0,0,0.4819,0,1]},
{"frame":4,"values":[0.459,-0.8575,0.2326,0,0.8575,0.4961,0.1367,0,-0.2326,0.1367,0.9629,0,0,0.4819,0,1]},
{"frame":5,"values":[0.4171,-0.8771,0.238,0,0.8771,0.4571,0.1473,0,-0.238,0.1473,0.96,0,0,0.4819,0,1]},
{"frame":6,"values":[0.3894,-0.889,0.2412,0,0.889,0.4312,0.1543,0,-0.2412,0.1543,0.9581,0,0,0.4819,0,1]},
{"frame":7,"values":[0.3719,-0.8959,0.243,0,0.8959,0.415,0.1587,0,-0.243,0.1587,0.9569,0,0,0.4819,0,1]},
{"frame":8,"values":[0.362,-0.8997,0.2441,0,0.8997,0.4057,0.1612,0,-0.2441,0.1612,0.9563,0,0,0.4819,0,1]},
{"frame":9,"values":[0.3574,-0.9014,0.2445,0,0.9014,0.4015,0.1624,0,-0.2445,0.1624,0.956,0,0,0.4819,0,1]},
{"frame":10,"values":[0.3563,-0.9018,0.2446,0,0.9018,0.4004,0.1627,0,-0.2446,0.1627,0.9559,0,0,0.4819,0,1]},
{"frame":11,"values":[0.3658,-0.8982,0.2437,0,0.8982,0.4093,0.1603,0,-0.2437,0.1603,0.9565,0,0,0.4819,0,1]},
{"frame":12,"values":[0.3941,-0.887,0.2406,0,0.887,0.4356,0.1531,0,-0.2406,0.1531,0.9585,0,0,0.4819,0,1]},
{"frame":13,"values":[0.4395,-0.8669,0.2352,0,0.8669,0.4779,0.1416,0,-0.2352,0.1416,0.9616,0,0,0.4819,0,1]},
{"frame":14,"values":[0.4974,-0.8372,0.2271,0,0.8372,0.5319,0.127,0,-0.2271,0.127,0.9655,0,0,0.4819,0,1]},
{"frame":15,"values":[0.5606,-0.7992,0.2168,0,0.7992,0.5907,0.111,0,-0.2168,0.111,0.9699,0,0,0.4819,0,1]},
{"frame":16,"values":[0.6207,-0.7567,0.2053,0,0.7567,0.6467,0.0958,0,-0.2053,0.0958,0.974,0,0,0.4819,0,1]},
{"frame":17,"values":[0.6708,-0.7158,0.1942,0,0.7158,0.6933,0.0832,0,-0.1942,0.0832,0.9774,0,0,0.4819,0,1]},
{"frame":18,"values":[0.707,-0.6826,0.1852,0,0.6826,0.727,0.074,0,-0.1852,0.074,0.9799,0,0,0.4819,0,1]},
{"frame":19,"values":[0.7283,-0.6614,0.1794,0,0.6614,0.7469,0.0687,0,-0.1794,0.0687,0.9814,0,0,0.4819,0,1]},
{"frame":20,"values":[0.7352,-0.6542,0.1775,0,0.6542,0.7533,0.0669,0,-0.1775,0.0669,0.9818,0,0,0.4819,0,1]}],"loopBehavior":1,"name":"anim","property":"_matrix"}},
{"name":"Bone.003","index":4,"matrix":[1,0,0,0,0,1,0,0,0,0,1,0,0,0.3109,0,1],"rest":[1,0,0,0,0,1,0,0,0,0,1,0,0,0.3109,0,1],"parentBoneIndex":3,"length":0.2359
,"animation":{"dataType":3,"framePerSecond":24,"keys":[
{"frame":0,"values":[1,0,0,0,0,1,0,0,0,0,1,0,0,0.3109,0,1]},
{"frame":20,"values":[1,0,0,0,0,1,0,0,0,0,1,0,0,0.3109,0,1]}],"loopBehavior":1,"name":"anim","property":"_matrix"}},
{"name":"Bone.002","index":5,"matrix":[0,0,-1,0,-0.9549,-0.297,0,0,-0.297,0.9549,0,0,0,0.9302,0,1],"rest":[0,0,-1,0,-0.9549,-0.297,0,0,-0.297,0.9549,0,0,0,0.9302,0,1],"parentBoneIndex":0,"length":0.3487
,"animation":{"dataType":3,"framePerSecond":24,"keys":[
{"frame":0,"values":[0,0,-1,0,-0.9549,-0.297,0,0,-0.297,0.9549,0,0,0,0.9302,0,1]},
{"frame":20,"values":[0,0,-1,0,-0.9549,-0.297,0,0,-0.297,0.9549,0,0,0,0.9302,0,1]}],"loopBehavior":1,"name":"anim","property":"_matrix"}},
{"name":"Bone.010","index":6,"matrix":[1,0,0,0,0,0.5499,-0.8352,0,0,0.8352,0.5499,0,0,0.3487,0,1],"rest":[1,0,0,0,0,0.9549,0.297,0,0,-0.297,0.9549,0,0,0.3487,0,1],"parentBoneIndex":5,"length":0.4793
,"animation":{"dataType":3,"framePerSecond":24,"keys":[
{"frame":0,"values":[1,0,0,0,0,0.5499,-0.8352,0,0,0.8352,0.5499,0,0,0.3487,0,1]},
{"frame":1,"values":[0.9417,0.0999,-0.3213,0,-0.3233,0.5333,-0.7817,0,0.0932,0.84,0.5345,0,0,0.3487,0,1]},
{"frame":2,"values":[0.9645,0.0784,-0.2521,0,-0.2537,0.5398,-0.8027,0,0.0732,0.8381,0.5405,0,0,0.3487,0,1]},
{"frame":3,"values":[0.9954,0.0286,-0.0918,0,-0.0924,0.5486,-0.831,0,0.0266,0.8356,0.5487,0,0,0.3487,0,1]},
{"frame":4,"values":[0.9932,-0.0346,0.1111,0,0.1118,0.548,-0.829,0,-0.0322,0.8358,0.5481,0,0,0.3487,0,1]},
{"frame":5,"values":[0.9429,-0.0989,0.3179,0,0.3199,0.5336,-0.7829,0,-0.0922,0.8399,0.5348,0,0,0.3487,0,1]},
{"frame":6,"values":[0.8535,-0.1547,0.4975,0,0.5006,0.5081,-0.7008,0,-0.1443,0.8473,0.5112,0,0,0.3487,0,1]},
{"frame":7,"values":[0.7482,-0.197,0.6335,0,0.6375,0.4781,-0.6042,0,-0.1838,0.8559,0.4833,0,0,0.3487,0,1]},
{"frame":8,"values":[0.6518,-0.2252,0.7242,0,0.7287,0.4505,-0.5157,0,-0.2101,0.8639,0.4578,0,0,0.3487,0,1]},
{"frame":9,"values":[0.5839,-0.2411,0.7752,0,0.78,0.4312,-0.4535,0,-0.2249,0.8695,0.4398,0,0,0.3487,0,1]},
{"frame":10,"values":[0.5587,-0.2463,0.7919,0,0.7969,0.424,-0.4304,0,-0.2298,0.8715,0.4332,0,0,0.3487,0,1]},
{"frame":11,"values":[0.5812,-0.2417,0.777,0,0.7819,0.4304,-0.451,0,-0.2255,0.8697,0.4391,0,0,0.3487,0,1]},
{"frame":12,"values":[0.6472,-0.2264,0.7279,0,0.7325,0.4492,-0.5115,0,-0.2112,0.8642,0.4566,0,0,0.3487,0,1]},
{"frame":13,"values":[0.7475,-0.1973,0.6343,0,0.6383,0.4779,-0.6035,0,-0.1841,0.856,0.4831,0,0,0.3487,0,1]},
{"frame":14,"values":[0.8593,-0.1519,0.4884,0,0.4915,0.5098,-0.7061,0,-0.1417,0.8468,0.5127,0,0,0.3487,0,1]},
{"frame":15,"values":[0.9501,-0.0927,0.298,0,0.2999,0.5357,-0.7894,0,-0.0865,0.8393,0.5367,0,0,0.3487,0,1]},
{"frame":16,"values":[0.9952,-0.029,0.0933,0,0.0939,0.5486,-0.8308,0,-0.0271,0.8356,0.5487,0,0,0.3487,0,1]},
{"frame":17,"values":[0.9958,0.0272,-0.0875,0,-0.0881,0.5487,-0.8314,0,0.0254,0.8356,0.5488,0,0,0.3487,0,1]},
{"frame":18,"values":[0.9732,0.0683,-0.2197,0,-0.221,0.5423,-0.8106,0,0.0637,0.8374,0.5428,0,0,0.3487,0,1]},
{"frame":19,"values":[0.9505,0.0922,-0.2966,0,-0.2984,0.5358,-0.7898,0,0.0861,0.8393,0.5368,0,0,0.3487,0,1]},
{"frame":20,"values":[0.9417,0.0999,-0.3213,0,-0.3233,0.5333,-0.7817,0,0.0932,0.84,0.5345,0,0,0.3487,0,1]}],"loopBehavior":1,"name":"anim","property":"_matrix"}},
{"name":"Bone.008","index":7,"matrix":[1,0,0,0,0,1,0,0,0,0,1,0,0,0.4793,0,1],"rest":[1,0,0,0,0,1,0,0,0,0,1,0,0,0.4793,0,1],"parentBoneIndex":6,"length":0.3058
,"animation":{"dataType":3,"framePerSecond":24,"keys":[
{"frame":0,"values":[1,0,0,0,0,1,0,0,0,0,1,0,0,0.4793,0,1]},
{"frame":1,"values":[0.3359,0.905,-0.261,0,-0.905,0.3869,0.1768,0,0.261,0.1768,0.949,0,0,0.4793,0,1]},
{"frame":2,"values":[0.3648,0.8946,-0.258,0,-0.8946,0.4136,0.1691,0,0.258,0.1691,0.9512,0,0,0.4793,0,1]},
{"frame":3,"values":[0.4245,0.87,-0.2509,0,-0.87,0.4686,0.1532,0,0.2509,0.1532,0.9558,0,0,0.4793,0,1]},
{"frame":4,"values":[0.4936,0.8356,-0.2409,0,-0.8356,0.5325,0.1348,0,0.2409,0.1348,0.9611,0,0,0.4793,0,1]},
{"frame":5,"values":[0.5617,0.7949,-0.2292,0,-0.7949,0.5954,0.1167,0,0.2292,0.1167,0.9664,0,0,0.4793,0,1]},
{"frame":6,"values":[0.6226,0.7519,-0.2168,0,-0.7519,0.6516,0.1005,0,0.2168,0.1005,0.971,0,0,0.4793,0,1]},
{"frame":7,"values":[0.6729,0.7108,-0.205,0,-0.7108,0.698,0.0871,0,0.205,0.0871,0.9749,0,0,0.4793,0,1]},
{"frame":8,"values":[0.7105,0.6762,-0.195,0,-0.6762,0.7327,0.0771,0,0.195,0.0771,0.9778,0,0,0.4793,0,1]},
{"frame":9,"values":[0.7341,0.6524,-0.1881,0,-0.6524,0.7545,0.0708,0,0.1881,0.0708,0.9796,0,0,0.4793,0,1]},
{"frame":10,"values":[0.7425,0.6436,-0.1856,0,-0.6436,0.7623,0.0685,0,0.1856,0.0685,0.9802,0,0,0.4793,0,1]},
{"frame":11,"values":[0.7352,0.6513,-0.1878,0,-0.6513,0.7555,0.0705,0,0.1878,0.0705,0.9797,0,0,0.4793,0,1]},
{"frame":12,"values":[0.7126,0.6741,-0.1944,0,-0.6741,0.7347,0.0765,0,0.1944,0.0765,0.9779,0,0,0.4793,0,1]},
{"frame":13,"values":[0.6741,0.7097,-0.2046,0,-0.7097,0.6991,0.0868,0,0.2046,0.0868,0.975,0,0,0.4793,0,1]},
{"frame":14,"values":[0.6206,0.7534,-0.2172,0,-0.7534,0.6497,0.101,0,0.2172,0.101,0.9709,0,0,0.4793,0,1]},
{"frame":15,"values":[0.5561,0.7986,-0.2303,0,-0.7986,0.5902,0.1182,0,0.2303,0.1182,0.9659,0,0,0.4793,0,1]},
{"frame":16,"values":[0.4881,0.8386,-0.2418,0,-0.8386,0.5274,0.1363,0,0.2418,0.1363,0.9607,0,0,0.4793,0,1]},
{"frame":17,"values":[0.4256,0.8695,-0.2507,0,-0.8695,0.4697,0.1529,0,0.2507,0.1529,0.9559,0,0,0.4793,0,1]},
{"frame":18,"values":[0.3767,0.8901,-0.2566,0,-0.8901,0.4245,0.1659,0,0.2566,0.1659,0.9522,0,0,0.4793,0,1]},
{"frame":19,"values":[0.3461,0.9015,-0.2599,0,-0.9015,0.3963,0.1741,0,0.2599,0.1741,0.9498,0,0,0.4793,0,1]},
{"frame":20,"values":[0.3359,0.905,-0.261,0,-0.905,0.3869,0.1768,0,0.261,0.1768,0.949,0,0,0.4793,0,1]}],"loopBehavior":1,"name":"anim","property":"_matrix"}},
{"name":"Bone.004","index":8,"matrix":[1,0,0,0,0,1,0,0,0,0,1,0,0,0.3058,0,1],"rest":[1,0,0,0,0,1,0,0,0,0,1,0,0,0.3058,0,1],"parentBoneIndex":7,"length":0.2645
,"animation":{"dataType":3,"framePerSecond":24,"keys":[
{"frame":0,"values":[1,0,0,0,0,1,0,0,0,0,1,0,0,0.3058,0,1]},
{"frame":20,"values":[1,0,0,0,0,1,0,0,0,0,1,0,0,0.3058,0,1]}],"loopBehavior":1,"name":"anim","property":"_matrix"}},
{"name":"Bone.017","index":9,"matrix":[1,0,0,0,0,1,0,0,0,0,1,0,0,0.9302,0,1],"rest":[1,0,0,0,0,1,0,0,0,0,1,0,0,0.9302,0,1],"parentBoneIndex":0,"length":0.3272
,"animation":{"dataType":3,"framePerSecond":24,"keys":[
{"frame":0,"values":[1,0,0,0,0,1,0,0,0,0,1,0,0,0.9302,0,1]},
{"frame":1,"values":[1,0,0,0,0,0.9977,-0.0673,0,0,0.0673,0.9977,0,0,0.9302,0,1]},
{"frame":2,"values":[1,0,0,0,0,0.9986,-0.0528,0,0,0.0528,0.9986,0,0,0.9302,0,1]},
{"frame":3,"values":[1,0,0,0,0,0.9998,-0.0222,0,0,0.0222,0.9998,0,0,0.9302,0,1]},
{"frame":4,"values":[1,0,0,0,0,0.9999,0.0143,0,0,-0.0143,0.9999,0,0,0.9302,0,1]},
{"frame":5,"values":[1,0,0,0,0,0.9987,0.0517,0,0,-0.0517,0.9987,0,0,0.9302,0,1]},
{"frame":6,"values":[1,0,0,0,0,0.9962,0.087,0,0,-0.087,0.9962,0,0,0.9302,0,1]},
{"frame":7,"values":[1,0,0,0,0,0.993,0.1177,0,0,-0.1177,0.993,0,0,0.9302,0,1]},
{"frame":8,"values":[1,0,0,0,0,0.9899,0.142,0,0,-0.142,0.9899,0,0,0.9302,0,1]},
{"frame":9,"values":[1,0,0,0,0,0.9874,0.1579,0,0,-0.1579,0.9874,0,0,0.9302,0,1]},
{"frame":10,"values":[1,0,0,0,0,0.9865,0.1637,0,0,-0.1637,0.9865,0,0,0.9302,0,1]},
{"frame":11,"values":[1,0,0,0,0,0.9873,0.1587,0,0,-0.1587,0.9873,0,0,0.9302,0,1]},
{"frame":12,"values":[1,0,0,0,0,0.9897,0.1434,0,0,-0.1434,0.9897,0,0,0.9302,0,1]},
{"frame":13,"values":[1,0,0,0,0,0.993,0.1185,0,0,-0.1185,0.993,0,0,0.9302,0,1]},
{"frame":14,"values":[1,0,0,0,0,0.9963,0.0858,0,0,-0.0858,0.9963,0,0,0.9302,0,1]},
{"frame":15,"values":[1,0,0,0,0,0.9988,0.0486,0,0,-0.0486,0.9988,0,0,0.9302,0,1]},
{"frame":16,"values":[1,0,0,0,0,0.9999,0.0113,0,0,-0.0113,0.9999,0,0,0.9302,0,1]},
{"frame":17,"values":[1,0,0,0,0,0.9998,-0.0216,0,0,0.0216,0.9998,0,0,0.9302,0,1]},
{"frame":18,"values":[1,0,0,0,0,0.9989,-0.0467,0,0,0.0467,0.9989,0,0,0.9302,0,1]},
{"frame":19,"values":[1,0,0,0,0,0.9981,-0.0622,0,0,0.0622,0.9981,0,0,0.9302,0,1]},
{"frame":20,"values":[1,0,0,0,0,0.9977,-0.0673,0,0,0.0673,0.9977,0,0,0.9302,0,1]}],"loopBehavior":1,"name":"anim","property":"_matrix"}},
{"name":"Bone.005","index":10,"matrix":[0,0,1,0,-1,0,0,0,0,1,0,0,-0.005,2.1768,0.8973,1],"rest":[0,0,1,0,-1,0,0,0,0,1,0,0,-0.005,2.1768,0.8973,1],"parentBoneIndex":-1,"length":0.1927
,"animation":{"dataType":3,"framePerSecond":24,"keys":[
{"frame":0,"values":[0,0,1,0,-1,0,0,0,0,1,0,0,-0.005,2.1768,0.8973,1]},
{"frame":20,"values":[0,0,1,0,-1,0,0,0,0,1,0,0,-0.005,2.1768,0.8973,1]}],"loopBehavior":1,"name":"anim","property":"_matrix"}},
{"name":"Bone.011","index":11,"matrix":[0,-1,0,0,0,0,-1,0,1,0,0,0,0,0.1927,0,1],"rest":[0,-1,0,0,0,0,-1,0,1,0,0,0,0,0.1927,0,1],"parentBoneIndex":10,"length":0.7947
,"animation":{"dataType":3,"framePerSecond":24,"keys":[
{"frame":0,"values":[0,-1,0,0,0,0,-1,0,1,0,0,0,0,0.1927,0,1]},
{"frame":1,"values":[0,-1,0,0,0.3744,0,-0.9273,0,0.9273,0,0.3744,0,0,0.1927,0,1]},
{"frame":2,"values":[0,-1,0,0,0.3336,0,-0.9427,0,0.9427,0,0.3336,0,0,0.1927,0,1]},
{"frame":3,"values":[0,-1,0,0,0.2453,0,-0.9695,0,0.9695,0,0.2453,0,0,0.1927,0,1]},
{"frame":4,"values":[0,-1,0,0,0.136,0,-0.9907,0,0.9907,0,0.136,0,0,0.1927,0,1]},
{"frame":5,"values":[0,-1,0,0,0.0215,0,-0.9998,0,0.9998,0,0.0215,0,0,0.1927,0,1]},
{"frame":6,"values":[0,-1,0,0,-0.0868,0,-0.9962,0,0.9962,0,-0.0868,0,0,0.1927,0,1]},
{"frame":7,"values":[0,-1,0,0,-0.1802,0,-0.9836,0,0.9836,0,-0.1802,0,0,0.1927,0,1]},
{"frame":8,"values":[0,-1,0,0,-0.2525,0,-0.9676,0,0.9676,0,-0.2525,0,0,0.1927,0,1]},
{"frame":9,"values":[0,-1,0,0,-0.2992,0,-0.9542,0,0.9542,0,-0.2992,0,0,0.1927,0,1]},
{"frame":10,"values":[0,-1,0,0,-0.3158,0,-0.9488,0,0.9488,0,-0.3158,0,0,0.1927,0,1]},
{"frame":11,"values":[0,-1,0,0,-0.3012,0,-0.9535,0,0.9535,0,-0.3012,0,0,0.1927,0,1]},
{"frame":12,"values":[0,-1,0,0,-0.2567,0,-0.9665,0,0.9665,0,-0.2567,0,0,0.1927,0,1]},
{"frame":13,"values":[0,-1,0,0,-0.1826,0,-0.9832,0,0.9832,0,-0.1826,0,0,0.1927,0,1]},
{"frame":14,"values":[0,-1,0,0,-0.0831,0,-0.9965,0,0.9965,0,-0.0831,0,0,0.1927,0,1]},
{"frame":15,"values":[0,-1,0,0,0.0312,0,-0.9995,0,0.9995,0,0.0312,0,0,0.1927,0,1]},
{"frame":16,"values":[0,-1,0,0,0.1451,0,-0.9894,0,0.9894,0,0.1451,0,0,0.1927,0,1]},
{"frame":17,"values":[0,-1,0,0,0.2435,0,-0.9699,0,0.9699,0,0.2435,0,0,0.1927,0,1]},
{"frame":18,"values":[0,-1,0,0,0.3165,0,-0.9486,0,0.9486,0,0.3165,0,0,0.1927,0,1]},
{"frame":19,"values":[0,-1,0,0,0.3601,0,-0.9329,0,0.9329,0,0.3601,0,0,0.1927,0,1]},
{"frame":20,"values":[0,-1,0,0,0.3744,0,-0.9273,0,0.9273,0,0.3744,0,0,0.1927,0,1]}],"loopBehavior":1,"name":"anim","property":"_matrix"}},
{"name":"Bone.013","index":12,"matrix":[1,0,0,0,0,1,0,0,0,0,1,0,0,0.7947,0,1],"rest":[1,0,0,0,0,1,0,0,0,0,1,0,0,0.7947,0,1],"parentBoneIndex":11,"length":1.1471
,"animation":{"dataType":3,"framePerSecond":24,"keys":[
{"frame":0,"values":[1,0,0,0,0,1,0,0,0,0,1,0,0,0.7947,0,1]},
{"frame":20,"values":[1,0,0,0,0,1,0,0,0,0,1,0,0,0.7947,0,1]}],"loopBehavior":1,"name":"anim","property":"_matrix"}},
{"name":"Bone.015","index":13,"matrix":[-1,0,0,0,0,0,-1,0,0,-1,0,0,0,1.1471,0,1],"rest":[-1,0,0,0,0,0,-1,0,0,-1,0,0,0,1.1471,0,1],"parentBoneIndex":12,"length":0.6292
,"animation":{"dataType":3,"framePerSecond":24,"keys":[
{"frame":0,"values":[-1,0,0,0,0,0,-1,0,0,-1,0,0,0,1.1471,0,1]},
{"frame":20,"values":[-1,0,0,0,0,0,-1,0,0,-1,0,0,0,1.1471,0,1]}],"loopBehavior":1,"name":"anim","property":"_matrix"}},
{"name":"Bone.006","index":14,"matrix":[0,0,-1,0,1,0,0,0,0,1,0,0,-0.005,2.1768,0.8973,1],"rest":[0,0,-1,0,1,0,0,0,0,1,0,0,-0.005,2.1768,0.8973,1],"parentBoneIndex":-1,"length":0.197
,"animation":{"dataType":3,"framePerSecond":24,"keys":[
{"frame":0,"values":[0,0,-1,0,1,0,0,0,0,1,0,0,-0.005,2.1768,0.8973,1]},
{"frame":20,"values":[0,0,-1,0,1,0,0,0,0,1,0,0,-0.005,2.1768,0.8973,1]}],"loopBehavior":1,"name":"anim","property":"_matrix"}},
{"name":"Bone.012","index":15,"matrix":[0,1,0,0,0,0,-1,0,-1,0,0,0,0,0.197,0,1],"rest":[0,1,0,0,0,0,-1,0,-1,0,0,0,0,0.197,0,1],"parentBoneIndex":14,"length":0.7947
,"animation":{"dataType":3,"framePerSecond":24,"keys":[
{"frame":0,"values":[0,1,0,0,0,0,-1,0,-1,0,0,0,0,0.197,0,1]},
{"frame":1,"values":[0,1,0,0,0.3144,0,-0.9493,0,-0.9493,0,-0.3144,0,0,0.197,0,1]},
{"frame":2,"values":[0,1,0,0,0.2732,0,-0.962,0,-0.962,0,-0.2732,0,0,0.197,0,1]},
{"frame":3,"values":[0,1,0,0,0.1832,0,-0.9831,0,-0.9831,0,-0.1832,0,0,0.197,0,1]},
{"frame":4,"values":[0,1,0,0,0.0725,0,-0.9974,0,-0.9974,0,-0.0725,0,0,0.197,0,1]},
{"frame":5,"values":[0,1,0,0,-0.0428,0,-0.9991,0,-0.9991,0,0.0428,0,0,0.197,0,1]},
{"frame":6,"values":[0,1,0,0,-0.1508,0,-0.9886,0,-0.9886,0,0.1508,0,0,0.197,0,1]},
{"frame":7,"values":[0,1,0,0,-0.2433,0,-0.9699,0,-0.9699,0,0.2433,0,0,0.197,0,1]},
{"frame":8,"values":[0,1,0,0,-0.3144,0,-0.9493,0,-0.9493,0,0.3144,0,0,0.197,0,1]},
{"frame":9,"values":[0,1,0,0,-0.36,0,-0.933,0,-0.933,0,0.36,0,0,0.197,0,1]},
{"frame":10,"values":[0,1,0,0,-0.3763,0,-0.9265,0,-0.9265,0,0.3763,0,0,0.197,0,1]},
{"frame":11,"values":[0,1,0,0,-0.362,0,-0.9322,0,-0.9322,0,0.362,0,0,0.197,0,1]},
{"frame":12,"values":[0,1,0,0,-0.3184,0,-0.948,0,-0.948,0,0.3184,0,0,0.197,0,1]},
{"frame":13,"values":[0,1,0,0,-0.2454,0,-0.9694,0,-0.9694,0,0.2454,0,0,0.197,0,1]},
{"frame":14,"values":[0,1,0,0,-0.1469,0,-0.9892,0,-0.9892,0,0.1469,0,0,0.197,0,1]},
{"frame":15,"values":[0,1,0,0,-0.0329,0,-0.9995,0,-0.9995,0,0.0329,0,0,0.197,0,1]},
{"frame":16,"values":[0,1,0,0,0.0814,0,-0.9967,0,-0.9967,0,-0.0814,0,0,0.197,0,1]},
{"frame":17,"values":[0,1,0,0,0.181,0,-0.9835,0,-0.9835,0,-0.181,0,0,0.197,0,1]},
{"frame":18,"values":[0,1,0,0,0.2552,0,-0.9669,0,-0.9669,0,-0.2552,0,0,0.197,0,1]},
{"frame":19,"values":[0,1,0,0,0.2998,0,-0.954,0,-0.954,0,-0.2998,0,0,0.197,0,1]},
{"frame":20,"values":[0,1,0,0,0.3144,0,-0.9493,0,-0.9493,0,-0.3144,0,0,0.197,0,1]}],"loopBehavior":1,"name":"anim","property":"_matrix"}},
{"name":"Bone.014","index":16,"matrix":[1,0,0,0,0,1,0,0,0,0,1,0,0,0.7947,0,1],"rest":[1,0,0,0,0,1,0,0,0,0,1,0,0,0.7947,0,1],"parentBoneIndex":15,"length":1.1471
,"animation":{"dataType":3,"framePerSecond":24,"keys":[
{"frame":0,"values":[1,0,0,0,0,1,0,0,0,0,1,0,0,0.7947,0,1]},
{"frame":20,"values":[1,0,0,0,0,1,0,0,0,0,1,0,0,0.7947,0,1]}],"loopBehavior":1,"name":"anim","property":"_matrix"}},
{"name":"Bone.016","index":17,"matrix":[-1,0,0,0,0,0,-1,0,0,-1,0,0,0,1.1471,0,1],"rest":[-1,0,0,0,0,0,-1,0,0,-1,0,0,0,1.1471,0,1],"parentBoneIndex":16,"length":0.6292
,"animation":{"dataType":3,"framePerSecond":24,"keys":[
{"frame":0,"values":[-1,0,0,0,0,0,-1,0,0,-1,0,0,0,1.1471,0,1]},
{"frame":20,"values":[-1,0,0,0,0,0,-1,0,0,-1,0,0,0,1.1471,0,1]}],"loopBehavior":1,"name":"anim","property":"_matrix"}}]
,"ranges":[{"name":"ArmatureAction","from":0,"to":20}]}],
"meshes":[{"name":"DrawCall_0001","id":"DrawCall_0001","materialId":"sora.Multimaterial#0","billboardMode":0,"position":[0.005,-2.0361,-0.8604],"rotation":[0,0,0],"scaling":[1,1,1],"isVisible":true,"freezeWorldMatrix":false,"isEnabled":true,"checkCollisions":false,"receiveShadows":false,"skeletonId":0,"numBoneInfluencers":8
