{"producer":{"name":"Blender","version":"2.78 (sub 0)","exporter_version":"4.6.1","file":"zombie.babylon"},
"autoClear":true,"clearColor":[0.0509,0.0509,0.0509],"ambientColor":[0,0,0],"gravity":[0,-9.81,0],
"materials":[{"name":"zombie.Model001_Material001_RE_OB_Zombie_man.png","id":"zombie.Model001_Material001_RE_OB_Zombie_man.png","ambient":[0,0,0],"diffuse":[0.64,0.64,0.64],"specular":[0.5,0.5,0.5],"emissive":[0,0,0],"specularPower":49,"alpha":1,"backFaceCulling":true,"checkReadyOnlyOnce":false, 
"diffuseTexture":{"name":"RE OB Zombie man.png","level":1,"hasAlpha":1,"coordinatesMode":0,"uOffset":0,"vOffset":0,"uScale":1,"vScale":1,"uAng":0,"vAng":0,"wAng":0,"wrapU":1,"wrapV":1,"coordinatesIndex":0}}],
"multiMaterials":[],
"skeletons":[{"name":"Armature","id":0,"dimensionsAtRest":[0.5545,1.4191,1.1918],"bones":[
{"name":"Bone","index":0,"matrix":[0.9449,-0.2556,-0.2047,0,0.0694,0.7672,-0.6376,0,-0.3201,-0.5883,-0.7426,0,0,1.0728,0.0341,1],"rest":[1,0,0,0,0,1,0,0,0,0,-1,0,0,1.0728,0.0341,1],"parentBoneIndex":-1,"length":0.5031
,"animation":{"dataType":3,"framePerSecond":24,"keys":[
{"frame":0,"values":[0.9996,0.0253,-0.0113,0,-0.0253,0.9997,-0.0006,0,-0.0113,-0.0009,-0.9999,0,0,1.0728,0.0341,1]},
{"frame":2,"values":[0.9996,0.0173,-0.0215,0,-0.0179,0.9995,-0.0262,0,-0.021,-0.0265,-0.9994,0,0,1.0728,0.0341,1]},
{"frame":3,"values":[0.9993,0.0034,-0.0381,0,-0.006,0.9976,-0.069,0,-0.0377,-0.0691,-0.9969,0,0,1.0728,0.0341,1]},
{"frame":4,"values":[0.9983,-0.013,-0.056,0,0.0064,0.9931,-0.117,0,-0.0571,-0.1164,-0.9916,0,0,1.0728,0.0341,1]},
{"frame":5,"values":[0.9968,-0.031,-0.0738,0,0.0183,0.9858,-0.1669,0,-0.0779,-0.165,-0.9832,0,0,1.0728,0.0341,1]},
{"frame":6,"values":[0.9946,-0.05,-0.0909,0,0.0292,0.9757,-0.2172,0,-0.0996,-0.2133,-0.9719,0,0,1.0728,0.0341,1]},
{"frame":7,"values":[0.9918,-0.0698,-0.107,0,0.039,0.963,-0.2667,0,-0.1216,-0.2604,-0.9578,0,0,1.0728,0.0341,1]},
{"frame":8,"values":[0.9885,-0.0899,-0.1218,0,0.0474,0.948,-0.3148,0,-0.1437,-0.3054,-0.9413,0,0,1.0728,0.0341,1]},
{"frame":9,"values":[0.9847,-0.11,-0.1352,0,0.0544,0.9311,-0.3608,0,-0.1656,-0.3479,-0.9228,0,0,1.0728,0.0341,1]},
{"frame":10,"values":[0.9805,-0.1298,-0.1472,0,0.0601,0.9127,-0.4042,0,-0.1868,-0.3875,-0.9027,0,0,1.0728,0.0341,1]},
{"frame":11,"values":[0.9761,-0.1491,-0.1578,0,0.0646,0.8933,-0.4447,0,-0.2073,-0.4239,-0.8817,0,0,1.0728,0.0341,1]},
{"frame":12,"values":[0.9716,-0.1676,-0.167,0,0.0678,0.8735,-0.482,0,-0.2267,-0.457,-0.8601,0,0,1.0728,0.0341,1]},
{"frame":13,"values":[0.967,-0.1851,-0.175,0,0.0701,0.8538,-0.5158,0,-0.2449,-0.4866,-0.8386,0,0,1.0728,0.0341,1]},
{"frame":14,"values":[0.9625,-0.2012,-0.1818,0,0.0714,0.8347,-0.546,0,-0.2616,-0.5126,-0.8178,0,0,1.0728,0.0341,1]},
{"frame":15,"values":[0.9583,-0.2158,-0.1875,0,0.072,0.8169,-0.5723,0,-0.2767,-0.5349,-0.7983,0,0,1.0728,0.0341,1]},
{"frame":16,"values":[0.9543,-0.2286,-0.1923,0,0.072,0.8008,-0.5945,0,-0.2899,-0.5535,-0.7807,0,0,1.0728,0.0341,1]},
{"frame":17,"values":[0.9509,-0.2393,-0.1963,0,0.0716,0.7872,-0.6126,0,-0.3011,-0.5684,-0.7656,0,0,1.0728,0.0341,1]},
{"frame":18,"values":[0.9481,-0.2476,-0.1997,0,0.071,0.7765,-0.6261,0,-0.3101,-0.5794,-0.7538,0,0,1.0728,0.0341,1]},
{"frame":19,"values":[0.946,-0.2532,-0.2025,0,0.0702,0.7696,-0.6346,0,-0.3165,-0.5861,-0.7458,0,0,1.0728,0.0341,1]},
{"frame":20,"values":[0.9449,-0.2556,-0.2047,0,0.0694,0.7672,-0.6376,0,-0.3201,-0.5883,-0.7426,0,0,1.0728,0.0341,1]},
{"frame":21,"values":[0.9443,-0.2562,-0.2067,0,0.0688,0.7676,-0.6373,0,-0.3219,-0.5875,-0.7424,0,0,1.0728,0.0341,1]},
{"frame":22,"values":[0.9437,-0.2566,-0.2087,0,0.0683,0.7685,-0.6362,0,-0.3236,-0.5861,-0.7428,0,0,1.0728,0.0341,1]},
{"frame":23,"values":[0.9432,-0.2568,-0.2107,0,0.068,0.7701,-0.6343,0,-0.3252,-0.5839,-0.7438,0,0,1.0728,0.0341,1]},
{"frame":24,"values":[0.9427,-0.2568,-0.2128,0,0.0679,0.7724,-0.6315,0,-0.3265,-0.5809,-0.7456,0,0,1.0728,0.0341,1]},
{"frame":25,"values":[0.9423,-0.2566,-0.2149,0,0.068,0.7754,-0.6278,0,-0.3277,-0.577,-0.7482,0,0,1.0728,0.0341,1]},
{"frame":26,"values":[0.942,-0.256,-0.217,0,0.0682,0.7792,-0.623,0,-0.3286,-0.5721,-0.7515,0,0,1.0728,0.0341,1]},
{"frame":27,"values":[0.9417,-0.2551,-0.2193,0,0.0686,0.7838,-0.6172,0,-0.3293,-0.5662,-0.7556,0,0,1.0728,0.0341,1]},
{"frame":28,"values":[0.9415,-0.2538,-0.2216,0,0.069,0.7891,-0.6103,0,-0.3298,-0.5593,-0.7605,0,0,1.0728,0.0341,1]},
{"frame":29,"values":[0.9414,-0.2521,-0.224,0,0.0696,0.7952,-0.6023,0,-0.33,-0.5514,-0.7662,0,0,1.0728,0.0341,1]},
{"frame":30,"values":[0.9414,-0.2499,-0.2265,0,0.0702,0.802,-0.5932,0,-0.3299,-0.5425,-0.7725,0,0,1.0728,0.0341,1]},
{"frame":31,"values":[0.9415,-0.2473,-0.2291,0,0.0707,0.8093,-0.5831,0,-0.3296,-0.5327,-0.7795,0,0,1.0728,0.0341,1]},
{"frame":32,"values":[0.9416,-0.2443,-0.2318,0,0.0713,0.8172,-0.5719,0,-0.3291,-0.522,-0.7869,0,0,1.0728,0.0341,1]},
{"frame":33,"values":[0.9418,-0.2408,-0.2345,0,0.0717,0.8254,-0.5599,0,-0.3284,-0.5106,-0.7947,0,0,1.0728,0.0341,1]},
{"frame":34,"values":[0.9421,-0.2369,-0.2373,0,0.0719,0.8339,-0.5472,0,-0.3275,-0.4984,-0.8027,0,0,1.0728,0.0341,1]},
{"frame":35,"values":[0.9425,-0.2326,-0.2401,0,0.072,0.8426,-0.5337,0,-0.3265,-0.4857,-0.8109,0,0,1.0728,0.0341,1]},
{"frame":36,"values":[0.9429,-0.228,-0.2429,0,0.0719,0.8513,-0.5197,0,-0.3253,-0.4726,-0.8191,0,0,1.0728,0.0341,1]},
{"frame":37,"values":[0.9433,-0.223,-0.2458,0,0.0716,0.86,-0.5053,0,-0.3241,-0.4591,-0.8272,0,0,1.0728,0.0341,1]},
{"frame":38,"values":[0.9438,-0.2177,-0.2486,0,0.0711,0.8685,-0.4906,0,-0.3227,-0.4453,-0.8352,0,0,1.0728,0.0341,1]},
{"frame":39,"values":[0.9443,-0.2122,-0.2515,0,0.0704,0.8769,-0.4755,0,-0.3214,-0.4313,-0.843,0,0,1.0728,0.0341,1]},
{"frame":40,"values":[0.9449,-0.2064,-0.2543,0,0.0694,0.885,-0.4603,0,-0.3201,-0.4173,-0.8506,0,0,1.0728,0.0341,1]},
{"frame":41,"values":[0.9459,-0.1994,-0.2559,0,0.0683,0.8936,-0.4436,0,-0.3171,-0.4022,-0.8589,0,0,1.0728,0.0341,1]},
{"frame":42,"values":[0.9481,-0.1901,-0.255,0,0.067,0.9031,-0.4241,0,-0.3109,-0.385,-0.869,0,0,1.0728,0.0341,1]},
{"frame":43,"values":[0.9513,-0.1787,-0.2514,0,0.0654,0.9135,-0.4016,0,-0.3014,-0.3656,-0.8806,0,0,1.0728,0.0341,1]},
{"frame":44,"values":[0.9553,-0.1653,-0.245,0,0.0634,0.9243,-0.3764,0,-0.2886,-0.344,-0.8935,0,0,1.0728,0.0341,1]},
{"frame":45,"values":[0.9602,-0.1501,-0.2357,0,0.0607,0.9354,-0.3485,0,-0.2728,-0.3203,-0.9072,0,0,1.0728,0.0341,1]},
{"frame":46,"values":[0.9655,-0.1335,-0.2236,0,0.0571,0.9463,-0.3182,0,-0.254,-0.2944,-0.9213,0,0,1.0728,0.0341,1]},
{"frame":47,"values":[0.9711,-0.1158,-0.2086,0,0.0527,0.9568,-0.286,0,-0.2328,-0.2667,-0.9352,0,0,1.0728,0.0341,1]},
{"frame":48,"values":[0.9767,-0.0976,-0.1913,0,0.0472,0.9665,-0.2525,0,-0.2095,-0.2376,-0.9485,0,0,1.0728,0.0341,1]},
{"frame":49,"values":[0.9819,-0.0795,-0.1719,0,0.0407,0.975,-0.2184,0,-0.1849,-0.2075,-0.9606,0,0,1.0728,0.0341,1]},
{"frame":50,"values":[0.9866,-0.0618,-0.151,0,0.0333,0.9822,-0.1847,0,-0.1597,-0.1772,-0.9711,0,0,1.0728,0.0341,1]},
{"frame":51,"values":[0.9906,-0.0452,-0.1295,0,0.0252,0.988,-0.1521,0,-0.1348,-0.1474,-0.9799,0,0,1.0728,0.0341,1]},
{"frame":52,"values":[0.9937,-0.03,-0.108,0,0.0168,0.9925,-0.1214,0,-0.1108,-0.1189,-0.9867,0,0,1.0728,0.0341,1]},
{"frame":53,"values":[0.996,-0.0166,-0.0874,0,0.0084,0.9956,-0.0935,0,-0.0885,-0.0924,-0.9918,0,0,1.0728,0.0341,1]},
{"frame":54,"values":[0.9977,-0.005,-0.0683,0,0.0003,0.9976,-0.0688,0,-0.0685,-0.0686,-0.9953,0,0,1.0728,0.0341,1]},
{"frame":55,"values":[0.9987,0.0046,-0.0514,0,-0.0071,0.9988,-0.0477,0,-0.0511,-0.048,-0.9975,0,0,1.0728,0.0341,1]},
{"frame":56,"values":[0.9992,0.0123,-0.0372,0,-0.0135,0.9994,-0.0305,0,-0.0368,-0.031,-0.9988,0,0,1.0728,0.0341,1]},
{"frame":57,"values":[0.9995,0.0181,-0.0259,0,-0.0186,0.9997,-0.0173,0,-0.0256,-0.0177,-0.9995,0,0,1.0728,0.0341,1]},
{"frame":58,"values":[0.9996,0.0222,-0.0178,0,-0.0223,0.9997,-0.0079,0,-0.0176,-0.0083,-0.9998,0,0,1.0728,0.0341,1]},
{"frame":59,"values":[0.9996,0.0245,-0.0129,0,-0.0246,0.9997,-0.0024,0,-0.0129,-0.0027,-0.9999,0,0,1.0728,0.0341,1]},
{"frame":60,"values":[0.9996,0.0253,-0.0113,0,-0.0253,0.9997,-0.0006,0,-0.0113,-0.0009,-0.9999,0,0,1.0728,0.0341,1]}],"loopBehavior":1,"name":"anim","property":"_matrix"}},
{"name":"Bone.001","index":1,"matrix":[0.0234,0.4593,0.888,0,0.8945,-0.4063,0.1865,0,0.4465,0.7899,-0.4203,0,0,0.5031,0,1],"rest":[0,0,1,0,0.9434,-0.3316,0,0,0.3316,0.9434,0,0,0,0.5031,0,1],"parentBoneIndex":0,"length":0.1756
,"animation":{"dataType":3,"framePerSecond":24,"keys":[
{"frame":0,"values":[0.0234,0.4593,0.888,0,0.8945,-0.4063,0.1865,0,0.4465,0.7899,-0.4203,0,0,0.5031,0,1]},
{"frame":60,"values":[0.0234,0.4593,0.888,0,0.8945,-0.4063,0.1865,0,0.4465,0.7899,-0.4203,0,0,0.5031,0,1]}],"loopBehavior":1,"name":"anim","property":"_matrix"}},
{"name":"Bone.005","index":2,"matrix":[0.8636,-0.2353,0.4459,0,0.2979,0.9517,-0.0747,0,-0.4068,0.1974,0.8919,0,0,0.1756,0,1],"rest":[1,0,0,0,0,0.9434,0.3316,0,0,-0.3316,0.9434,0,0,0.1756,0,1],"parentBoneIndex":1,"length":0.2413
,"animation":{"dataType":3,"framePerSecond":24,"keys":[
{"frame":0,"values":[0.8636,-0.2353,0.4459,0,0.2979,0.9517,-0.0747,0,-0.4068,0.1974,0.8919,0,0,0.1756,0,1]},
{"frame":60,"values":[0.8636,-0.2353,0.4459,0,0.2979,0.9517,-0.0747,0,-0.4068,0.1974,0.8919,0,0,0.1756,0,1]}],"loopBehavior":1,"name":"anim","property":"_matrix"}},
{"name":"Bone.006","index":3,"matrix":[0.736,-0.6769,-0.0025,0,0.2715,0.2987,-0.9149,0,0.6201,0.6727,0.4036,0,0,0.2413,0,1],"rest":[1,0,0,0,0,0.999,-0.0436,0,0,0.0436,0.999,0,0,0.2413,0,1],"parentBoneIndex":2,"length":0.3416
,"animation":{"dataType":3,"framePerSecond":24,"keys":[
{"frame":0,"values":[0.5174,-0.8252,-0.2266,0,0.6121,0.5419,-0.5759,0,0.5981,0.1592,0.7854,0,0,0.2413,0,1]},
{"frame":1,"values":[0.2451,-0.9692,-0.0237,0,0.9606,0.2461,-0.1289,0,0.1308,0.0088,0.9914,0,0,0.2413,0,1]},
{"frame":2,"values":[0.2637,-0.9645,-0.0124,0,0.9508,0.2621,-0.1651,0,0.1625,0.0317,0.9862,0,0,0.2413,0,1]},
{"frame":3,"values":[0.2957,-0.9553,0.005,0,0.9309,0.287,-0.2261,0,0.2145,0.0715,0.9741,0,0,0.2413,0,1]},
{"frame":4,"values":[0.3326,-0.9428,0.0221,0,0.9033,0.3118,-0.2946,0,0.2708,0.1179,0.9554,0,0,0.2413,0,1]},
{"frame":5,"values":[0.3719,-0.9275,0.0371,0,0.8689,0.3338,-0.3655,0,0.3267,0.1682,0.9301,0,0,0.2413,0,1]},
{"frame":6,"values":[0.4122,-0.9098,0.049,0,0.8282,0.3518,-0.4362,0,0.3796,0.2204,0.8985,0,0,0.2413,0,1]},
{"frame":7,"values":[0.4524,-0.89,0.0574,0,0.7824,0.3651,-0.5045,0,0.4281,0.2731,0.8615,0,0,0.2413,0,1]},
{"frame":8,"values":[0.4914,-0.8687,0.0623,0,0.7325,0.3736,-0.569,0,0.471,0.3253,0.8199,0,0,0.2413,0,1]},
{"frame":9,"values":[0.5287,-0.8464,0.0638,0,0.68,0.3774,-0.6287,0,0.508,0.3757,0.7751,0,0,0.2413,0,1]},
{"frame":10,"values":[0.5636,-0.8237,0.0621,0,0.6261,0.3769,-0.6826,0,0.5389,0.4236,0.7281,0,0,0.2413,0,1]},
{"frame":11,"values":[0.5957,-0.8011,0.0578,0,0.5722,0.3727,-0.7305,0,0.5637,0.4683,0.6804,0,0,0.2413,0,1]},
{"frame":12,"values":[0.6247,-0.7792,0.0514,0,0.5196,0.3656,-0.7722,0,0.5829,0.5091,0.6333,0,0,0.2413,0,1]},
{"frame":13,"values":[0.6503,-0.7584,0.0435,0,0.4696,0.3563,-0.8078,0,0.5972,0.5458,0.5878,0,0,0.2413,0,1]},
{"frame":14,"values":[0.6726,-0.7392,0.0347,0,0.4231,0.3456,-0.8376,0,0.6072,0.5781,0.5452,0,0,0.2413,0,1]},
{"frame":15,"values":[0.6915,-0.7219,0.0257,0,0.3811,0.3344,-0.8619,0,0.6136,0.6058,0.5064,0,0,0.2413,0,1]},
{"frame":16,"values":[0.7071,-0.7069,0.017,0,0.3447,0.3235,-0.8812,0,0.6174,0.629,0.4724,0,0,0.2413,0,1]},
{"frame":17,"values":[0.7194,-0.6945,0.0093,0,0.3145,0.3138,-0.8959,0,0.6193,0.6475,0.4441,0,0,0.2413,0,1]},
{"frame":18,"values":[0.7284,-0.6851,0.0031,0,0.2915,0.3059,-0.9064,0,0.62,0.6611,0.4225,0,0,0.2413,0,1]},
{"frame":19,"values":[0.7341,-0.6791,-0.001,0,0.2768,0.3006,-0.9127,0,0.6201,0.6697,0.4086,0,0,0.2413,0,1]},
{"frame":20,"values":[0.736,-0.6769,-0.0025,0,0.2715,0.2987,-0.9149,0,0.6201,0.6727,0.4036,0,0,0.2413,0,1]},
{"frame":21,"values":[0.7343,-0.6789,-0.0011,0,0.2738,0.2977,-0.9145,0,0.6212,0.6712,0.4045,0,0,0.2413,0,1]},
{"frame":22,"values":[0.7288,-0.6848,0.0031,0,0.2808,0.2948,-0.9134,0,0.6245,0.6665,0.4071,0,0,0.2413,0,1]},
{"frame":23,"values":[0.7194,-0.6945,0.0101,0,0.2925,0.2898,-0.9113,0,0.63,0.6586,0.4116,0,0,0.2413,0,1]},
{"frame":24,"values":[0.706,-0.7079,0.0198,0,0.3089,0.2827,-0.9081,0,0.6373,0.6472,0.4182,0,0,0.2413,0,1]},
{"frame":25,"values":[0.6883,-0.7247,0.0318,0,0.3297,0.2734,-0.9037,0,0.6462,0.6325,0.4271,0,0,0.2413,0,1]},
{"frame":26,"values":[0.6662,-0.7443,0.046,0,0.3544,0.2618,-0.8977,0,0.6561,0.6143,0.4383,0,0,0.2413,0,1]},
{"frame":27,"values":[0.6398,-0.7661,0.0616,0,0.3827,0.248,-0.89,0,0.6665,0.593,0.4518,0,0,0.2413,0,1]},
{"frame":28,"values":[0.6093,-0.7891,0.0781,0,0.4136,0.2321,-0.8804,0,0.6766,0.5687,0.4678,0,0,0.2413,0,1]},
{"frame":29,"values":[0.5751,-0.8126,0.0948,0,0.4462,0.2144,-0.8689,0,0.6857,0.542,0.4859,0,0,0.2413,0,1]},
{"frame":30,"values":[0.538,-0.8356,0.1108,0,0.4796,0.1954,-0.8555,0,0.6932,0.5134,0.5059,0,0,0.2413,0,1]},
{"frame":31,"values":[0.4991,-0.8574,0.1255,0,0.5129,0.1755,-0.8403,0,0.6985,0.4838,0.5273,0,0,0.2413,0,1]},
{"frame":32,"values":[0.4596,-0.8773,0.1383,0,0.5451,0.1557,-0.8238,0,0.7012,0.454,0.5498,0,0,0.2413,0,1]},
{"frame":33,"values":[0.4206,-0.895,0.1486,0,0.5757,0.1367,-0.8062,0,0.7012,0.4246,0.5727,0,0,0.2413,0,1]},
{"frame":34,"values":[0.3834,-0.9103,0.1562,0,0.6041,0.1192,-0.7879,0,0.6986,0.3965,0.5956,0,0,0.2413,0,1]},
{"frame":35,"values":[0.349,-0.9232,0.1611,0,0.6302,0.1039,-0.7695,0,0.6936,0.37,0.618,0,0,0.2413,0,1]},
{"frame":36,"values":[0.3182,-0.9338,0.1633,0,0.6538,0.0914,-0.7512,0,0.6865,0.3458,0.6396,0,0,0.2413,0,1]},
{"frame":37,"values":[0.2918,-0.9425,0.1629,0,0.675,0.0822,-0.7333,0,0.6777,0.3239,0.6601,0,0,0.2413,0,1]},
{"frame":38,"values":[0.2701,-0.9494,0.1602,0,0.6939,0.0765,-0.716,0,0.6675,0.3046,0.6794,0,0,0.2413,0,1]},
{"frame":39,"values":[0.2533,-0.9548,0.1555,0,0.7106,0.0747,-0.6996,0,0.6564,0.2877,0.6974,0,0,0.2413,0,1]},
{"frame":40,"values":[0.2417,-0.9589,0.1489,0,0.7254,0.0767,-0.684,0,0.6445,0.2733,0.7141,0,0,0.2413,0,1]},
{"frame":41,"values":[0.2331,-0.9622,0.1409,0,0.7403,0.0816,-0.6673,0,0.6306,0.2599,0.7313,0,0,0.2413,0,1]},
{"frame":42,"values":[0.2254,-0.9653,0.1319,0,0.7571,0.0883,-0.6473,0,0.6132,0.2457,0.7507,0,0,0.2413,0,1]},
{"frame":43,"values":[0.2187,-0.9682,0.1218,0,0.7756,0.0967,-0.6237,0,0.5921,0.2309,0.7721,0,0,0.2413,0,1]},
{"frame":44,"values":[0.2133,-0.9707,0.1108,0,0.7955,0.1067,-0.5965,0,0.5672,0.2154,0.7949,0,0,0.2413,0,1]},
{"frame":45,"values":[0.2092,-0.9729,0.0989,0,0.8161,0.118,-0.5657,0,0.5387,0.1991,0.8186,0,0,0.2413,0,1]},
{"frame":46,"values":[0.2066,-0.9746,0.0863,0,0.837,0.1304,-0.5315,0,0.5067,0.182,0.8427,0,0,0.2413,0,1]},
{"frame":47,"values":[0.2055,-0.9759,0.0733,0,0.8575,0.1434,-0.4942,0,0.4718,0.1644,0.8663,0,0,0.2413,0,1]},
{"frame":48,"values":[0.2059,-0.9767,0.0602,0,0.8769,0.1568,-0.4544,0,0.4344,0.1463,0.8887,0,0,0.2413,0,1]},
{"frame":49,"values":[0.2077,-0.9771,0.0473,0,0.8946,0.1701,-0.4131,0,0.3956,0.1281,0.9094,0,0,0.2413,0,1]},
{"frame":50,"values":[0.2106,-0.9769,0.035,0,0.9103,0.183,-0.3713,0,0.3564,0.11,0.9278,0,0,0.2413,0,1]},
{"frame":51,"values":[0.2146,-0.9764,0.0235,0,0.9236,0.195,-0.3301,0,0.3178,0.0925,0.9436,0,0,0.2413,0,1]},
{"frame":52,"values":[0.2192,-0.9756,0.0131,0,0.9344,0.206,-0.2908,0,0.281,0.0759,0.9567,0,0,0.2413,0,1]},
{"frame":53,"values":[0.224,-0.9746,0.0039,0,0.9428,0.2157,-0.2543,0,0.247,0.0607,0.9671,0,0,0.2413,0,1]},
{"frame":54,"values":[0.2289,-0.9734,-0.0039,0,0.9491,0.224,-0.2216,0,0.2165,0.0471,0.9751,0,0,0.2413,0,1]},
{"frame":55,"values":[0.2334,-0.9723,-0.0103,0,0.9536,0.231,-0.1933,0,0.1903,0.0353,0.9811,0,0,0.2413,0,1]},
{"frame":56,"values":[0.2374,-0.9713,-0.0153,0,0.9566,0.2365,-0.17,0,0.1687,0.0257,0.9853,0,0,0.2413,0,1]},
{"frame":57,"values":[0.2407,-0.9704,-0.0191,0,0.9586,0.2408,-0.1519,0,0.152,0.0182,0.9882,0,0,0.2413,0,1]},
{"frame":58,"values":[0.2431,-0.9698,-0.0217,0,0.9598,0.2437,-0.139,0,0.1401,0.013,0.9901,0,0,0.2413,0,1]},
{"frame":59,"values":[0.2446,-0.9694,-0.0232,0,0.9605,0.2455,-0.1314,0,0.1331,0.0099,0.9911,0,0,0.2413,0,1]},
{"frame":60,"values":[0.2451,-0.9692,-0.0237,0,0.9606,0.2461,-0.1289,0,0.1308,0.0088,0.9914,0,0,0.2413,0,1]}],"loopBehavior":1,"name":"anim","property":"_matrix"}},
{"name":"Bone.002","index":4,"matrix":[0.1581,-0.405,-0.9005,0,-0.9415,-0.3367,-0.0139,0,-0.2976,0.8501,-0.4346,0,0,0.5031,0,1],"rest":[0,0,-1,0,-0.9496,-0.3136,0,0,-0.3136,0.9496,0,0,0,0.5031,0,1],"parentBoneIndex":0,"length":0.1883
,"animation":{"dataType":3,"framePerSecond":24,"keys":[
{"frame":0,"values":[0.1581,-0.405,-0.9005,0,-0.9415,-0.3367,-0.0139,0,-0.2976,0.8501,-0.4346,0,0,0.5031,0,1]},
{"frame":60,"values":[0.1581,-0.405,-0.9005,0,-0.9415,-0.3367,-0.0139,0,-0.2976,0.8501,-0.4346,0,0,0.5031,0,1]}],"loopBehavior":1,"name":"anim","property":"_matrix"}},
{"name":"Bone.003","index":5,"matrix":[0.9672,-0.1986,0.1583,0,0.253,0.7001,-0.6677,0,0.0218,0.6859,0.7274,0,0,0.1883,0,1],"rest":[1,0,0,0,0,0.9496,0.3136,0,0,-0.3136,0.9496,0,0,0.1883,0,1],"parentBoneIndex":4,"length":0.2182
,"animation":{"dataType":3,"framePerSecond":24,"keys":[
{"frame":0,"values":[0.9672,-0.1986,0.1583,0,0.253,0.7001,-0.6677,0,0.0218,0.6859,0.7274,0,0,0.1883,0,1]},
{"frame":60,"values":[0.9672,-0.1986,0.1583,0,0.253,0.7001,-0.6677,0,0.0218,0.6859,0.7274,0,0,0.1883,0,1]}],"loopBehavior":1,"name":"anim","property":"_matrix"}},
{"name":"Bone.004","index":6,"matrix":[0.4125,0.7519,0.5143,0,-0.1565,0.6147,-0.7731,0,-0.8974,0.2384,0.3712,0,0,0.2182,0,1],"rest":[1,0,0,0,0,0.9992,-0.0391,0,0,0.0391,0.9992,0,0,0.2182,0,1],"parentBoneIndex":5,"length":0.3602
,"animation":{"dataType":3,"framePerSecond":24,"keys":[
{"frame":0,"values":[0.2007,0.9611,0.1896,0,-0.5064,0.2675,-0.8198,0,-0.8386,0.0685,0.5404,0,0,0.2182,0,1]},
{"frame":1,"values":[0.2765,0.9048,-0.3239,0,-0.4289,-0.1854,-0.8841,0,-0.86,0.3834,0.3368,0,0,0.2182,0,1]},
{"frame":2,"values":[0.2858,0.9125,-0.2926,0,-0.4214,-0.1545,-0.8936,0,-0.8607,0.3787,0.3404,0,0,0.2182,0,1]},
{"frame":3,"values":[0.3007,0.9232,-0.2394,0,-0.4082,-0.1023,-0.9071,0,-0.8619,0.3705,0.3461,0,0,0.2182,0,1]},
{"frame":4,"values":[0.3165,0.9316,-0.1789,0,-0.3924,-0.0431,-0.9188,0,-0.8636,0.361,0.3519,0,0,0.2182,0,1]},
{"frame":5,"values":[0.332,0.9362,-0.115,0,-0.3749,0.0191,-0.9269,0,-0.8656,0.3508,0.3573,0,0,0.2182,0,1]},
{"frame":6,"values":[0.3464,0.9368,-0.0498,0,-0.3561,0.0823,-0.9308,0,-0.8679,0.3402,0.3621,0,0,0.2182,0,1]},
{"frame":7,"values":[0.3595,0.933,0.0153,0,-0.3366,0.1449,-0.9304,0,-0.8703,0.3293,0.3662,0,0,0.2182,0,1]},
{"frame":8,"values":[0.371,0.9253,0.079,0,-0.3167,0.206,-0.9259,0,-0.873,0.3185,0.3694,0,0,0.2182,0,1]},
{"frame":9,"values":[0.3809,0.9139,0.1404,0,-0.2967,0.2646,-0.9176,0,-0.8757,0.3079,0.3719,0,0,0.2182,0,1]},
{"frame":10,"values":[0.3892,0.8995,0.1988,0,-0.277,0.3201,-0.906,0,-0.8785,0.2976,0.3737,0,0,0.2182,0,1]},
{"frame":11,"values":[0.3959,0.8826,0.2534,0,-0.2578,0.3717,-0.8918,0,-0.8813,0.2878,0.3747,0,0,0.2182,0,1]},
{"frame":12,"values":[0.4012,0.8641,0.3038,0,-0.2396,0.4191,-0.8757,0,-0.8841,0.2786,0.3752,0,0,0.2182,0,1]},
{"frame":13,"values":[0.4052,0.8447,0.3496,0,-0.2225,0.462,-0.8585,0,-0.8867,0.2701,0.3752,0,0,0.2182,0,1]},
{"frame":14,"values":[0.4081,0.8252,0.3904,0,-0.2069,0.5001,-0.8409,0,-0.8892,0.2624,0.3748,0,0,0.2182,0,1]},
{"frame":15,"values":[0.4101,0.8064,0.426,0,-0.1928,0.5332,-0.8237,0,-0.8914,0.2556,0.3742,0,0,0.2182,0,1]},
{"frame":16,"values":[0.4113,0.7891,0.4561,0,-0.1807,0.5611,-0.8078,0,-0.8934,0.2498,0.3734,0,0,0.2182,0,1]},
{"frame":17,"values":[0.412,0.7742,0.4805,0,-0.1707,0.5836,-0.7939,0,-0.8951,0.2451,0.3726,0,0,0.2182,0,1]},
{"frame":18,"values":[0.4123,0.7624,0.4987,0,-0.1631,0.6003,-0.7829,0,-0.8963,0.2415,0.3719,0,0,0.2182,0,1]},
{"frame":19,"values":[0.4125,0.7547,0.5103,0,-0.1582,0.611,-0.7757,0,-0.8971,0.2392,0.3714,0,0,0.2182,0,1]},
{"frame":20,"values":[0.4125,0.7519,0.5143,0,-0.1565,0.6147,-0.7731,0,-0.8974,0.2384,0.3712,0,0,0.2182,0,1]},
{"frame":41,"values":[0.4125,0.7546,0.5104,0,-0.1582,0.6111,-0.7756,0,-0.8971,0.2392,0.3714,0,0,0.2182,0,1]},
{"frame":42,"values":[0.4123,0.7626,0.4985,0,-0.1632,0.6001,-0.7831,0,-0.8963,0.2415,0.3719,0,0,0.2182,0,1]},
{"frame":43,"values":[0.4119,0.7757,0.4781,0,-0.1717,0.5814,-0.7953,0,-0.8949,0.2455,0.3727,0,0,0.2182,0,1]},
{"frame":44,"values":[0.4111,0.7933,0.4491,0,-0.1836,0.5546,-0.8116,0,-0.8929,0.2512,0.3736,0,0,0.2182,0,1]},
{"frame":45,"values":[0.4093,0.8145,0.4112,0,-0.1987,0.5194,-0.8311,0,-0.8905,0.2585,0.3745,0,0,0.2182,0,1]},
{"frame":46,"values":[0.4064,0.8379,0.3644,0,-0.2169,0.4758,-0.8524,0,-0.8876,0.2673,0.3751,0,0,0.2182,0,1]},
{"frame":47,"values":[0.4017,0.862,0.3092,0,-0.2376,0.4242,-0.8738,0,-0.8844,0.2776,0.3752,0,0,0.2182,0,1]},
{"frame":48,"values":[0.3952,0.8849,0.2467,0,-0.2602,0.3654,-0.8938,0,-0.881,0.289,0.3746,0,0,0.2182,0,1]},
{"frame":49,"values":[0.3865,0.9049,0.1785,0,-0.2839,0.3008,-0.9104,0,-0.8775,0.3012,0.3731,0,0,0.2182,0,1]},
{"frame":50,"values":[0.3757,0.9206,0.107,0,-0.3077,0.2328,-0.9226,0,-0.8742,0.3137,0.3707,0,0,0.2182,0,1]},
{"frame":51,"values":[0.3632,0.9311,0.0348,0,-0.3306,0.1637,-0.9295,0,-0.8711,0.326,0.3672,0,0,0.2182,0,1]},
{"frame":52,"values":[0.3494,0.9363,-0.0352,0,-0.3518,0.0963,-0.9311,0,-0.8684,0.3378,0.3631,0,0,0.2182,0,1]},
{"frame":53,"values":[0.3353,0.9367,-0.1006,0,-0.3708,0.033,-0.9281,0,-0.8661,0.3485,0.3584,0,0,0.2182,0,1]},
{"frame":54,"values":[0.3214,0.9334,-0.1593,0,-0.3871,-0.024,-0.9217,0,-0.8642,0.3579,0.3536,0,0,0.2182,0,1]},
{"frame":55,"values":[0.3086,0.9278,-0.2098,0,-0.4006,-0.0733,-0.9133,0,-0.8627,0.3659,0.349,0,0,0.2182,0,1]},
{"frame":56,"values":[0.2975,0.9211,-0.2513,0,-0.4112,-0.1139,-0.9044,0,-0.8616,0.3724,0.3449,0,0,0.2182,0,1]},
{"frame":57,"values":[0.2884,0.9146,-0.2834,0,-0.4192,-0.1455,-0.8962,0,-0.8609,0.3773,0.3414,0,0,0.2182,0,1]},
{"frame":58,"values":[0.2818,0.9093,-0.3061,0,-0.4247,-0.1678,-0.8897,0,-0.8604,0.3807,0.3389,0,0,0.2182,0,1]},
{"frame":59,"values":[0.2778,0.9059,-0.3195,0,-0.4279,-0.1811,-0.8855,0,-0.8601,0.3827,0.3373,0,0,0.2182,0,1]},
{"frame":60,"values":[0.2765,0.9048,-0.3239,0,-0.4289,-0.1854,-0.8841,0,-0.86,0.3834,0.3368,0,0,0.2182,0,1]}],"loopBehavior":1,"name":"anim","property":"_matrix"}},
{"name":"Bone.014","index":7,"matrix":[0.6349,-0.7726,0.0046,0,0.7726,0.6348,-0.0085,0,0.0037,0.009,1,0,0,0.5031,0,1],"rest":[1,0,0,0,0,1,0,0,0,0,1,0,0,0.5031,0,1],"parentBoneIndex":0,"length":0.2102
,"animation":{"dataType":3,"framePerSecond":24,"keys":[
{"frame":0,"values":[0.6349,-0.7726,0.0046,0,0.7726,0.6348,-0.0085,0,0.0037,0.009,1,0,0,0.5031,0,1]},
{"frame":1,"values":[0.6414,-0.6755,0.3638,0,0.7671,0.5558,-0.3205,0,0.0143,0.4846,0.8746,0,0,0.5031,0,1]},
{"frame":2,"values":[0.6411,-0.6824,0.3511,0,0.7673,0.5616,-0.3095,0,0.014,0.4678,0.8837,0,0,0.5031,0,1]},
{"frame":3,"values":[0.6406,-0.6935,0.3298,0,0.7678,0.5709,-0.2909,0,0.0134,0.4395,0.8981,0,0,0.5031,0,1]},
{"frame":4,"values":[0.64,-0.705,0.3056,0,0.7683,0.5805,-0.2698,0,0.0128,0.4075,0.9131,0,0,0.5031,0,1]},
{"frame":5,"values":[0.6394,-0.716,0.2801,0,0.7687,0.5897,-0.2476,0,0.0121,0.3736,0.9275,0,0,0.5031,0,1]},
{"frame":6,"values":[0.6389,-0.7262,0.254,0,0.7692,0.5981,-0.2248,0,0.0114,0.339,0.9407,0,0,0.5031,0,1]},
{"frame":7,"values":[0.6384,-0.7353,0.2278,0,0.7697,0.6056,-0.202,0,0.0106,0.3043,0.9525,0,0,0.5031,0,1]},
{"frame":8,"values":[0.6379,-0.7432,0.2018,0,0.7701,0.6122,-0.1795,0,0.0098,0.2699,0.9628,0,0,0.5031,0,1]},
{"frame":9,"values":[0.6374,-0.7501,0.1764,0,0.7705,0.6177,-0.1574,0,0.0091,0.2362,0.9717,0,0,0.5031,0,1]},
{"frame":10,"values":[0.637,-0.7558,0.1517,0,0.7708,0.6223,-0.136,0,0.0084,0.2036,0.979,0,0,0.5031,0,1]},
{"frame":11,"values":[0.6366,-0.7605,0.1282,0,0.7712,0.6261,-0.1155,0,0.0076,0.1724,0.985,0,0,0.5031,0,1]},
{"frame":12,"values":[0.6362,-0.7642,0.1059,0,0.7715,0.629,-0.0962,0,0.0069,0.1429,0.9897,0,0,0.5031,0,1]},
{"frame":13,"values":[0.6359,-0.767,0.0851,0,0.7717,0.6311,-0.0782,0,0.0063,0.1154,0.9933,0,0,0.5031,0,1]},
{"frame":14,"values":[0.6357,-0.7691,0.066,0,0.7719,0.6327,-0.0617,0,0.0057,0.0902,0.9959,0,0,0.5031,0,1]},
{"frame":15,"values":[0.6354,-0.7706,0.049,0,0.7721,0.6337,-0.047,0,0.0051,0.0677,0.9977,0,0,0.5031,0,1]},
{"frame":16,"values":[0.6353,-0.7715,0.0342,0,0.7723,0.6344,-0.0342,0,0.0046,0.0481,0.9988,0,0,0.5031,0,1]},
{"frame":17,"values":[0.6351,-0.7721,0.022,0,0.7724,0.6347,-0.0236,0,0.0042,0.032,0.9995,0,0,0.5031,0,1]},
{"frame":18,"values":[0.635,-0.7724,0.0127,0,0.7725,0.6348,-0.0155,0,0.0039,0.0197,0.9998,0,0,0.5031,0,1]},
{"frame":19,"values":[0.6349,-0.7726,0.0067,0,0.7726,0.6348,-0.0104,0,0.0037,0.0118,0.9999,0,0,0.5031,0,1]},
{"frame":20,"values":[0.6349,-0.7726,0.0046,0,0.7726,0.6348,-0.0085,0,0.0037,0.009,1,0,0,0.5031,0,1]},
{"frame":41,"values":[0.6349,-0.7726,0.0066,0,0.7726,0.6348,-0.0103,0,0.0037,0.0117,0.9999,0,0,0.5031,0,1]},
{"frame":42,"values":[0.635,-0.7724,0.0129,0,0.7725,0.6348,-0.0157,0,0.0039,0.0199,0.9998,0,0,0.5031,0,1]},
{"frame":43,"values":[0.6351,-0.7721,0.0232,0,0.7724,0.6347,-0.0246,0,0.0043,0.0336,0.9994,0,0,0.5031,0,1]},
{"frame":44,"values":[0.6353,-0.7713,0.0377,0,0.7723,0.6342,-0.0372,0,0.0048,0.0528,0.9986,0,0,0.5031,0,1]},
{"frame":45,"values":[0.6355,-0.77,0.0562,0,0.772,0.6333,-0.0532,0,0.0054,0.0772,0.997,0,0,0.5031,0,1]},
{"frame":46,"values":[0.6358,-0.7678,0.0783,0,0.7718,0.6318,-0.0723,0,0.0061,0.1063,0.9943,0,0,0.5031,0,1]},
{"frame":47,"values":[0.6362,-0.7645,0.1034,0,0.7715,0.6293,-0.0941,0,0.0069,0.1397,0.9902,0,0,0.5031,0,1]},
{"frame":48,"values":[0.6366,-0.7599,0.1311,0,0.7711,0.6256,-0.1181,0,0.0077,0.1763,0.9843,0,0,0.5031,0,1]},
{"frame":49,"values":[0.6371,-0.7539,0.1603,0,0.7707,0.6208,-0.1435,0,0.0086,0.215,0.9766,0,0,0.5031,0,1]},
{"frame":50,"values":[0.6377,-0.7465,0.1903,0,0.7703,0.6148,-0.1694,0,0.0095,0.2546,0.967,0,0,0.5031,0,1]},
{"frame":51,"values":[0.6382,-0.7378,0.2199,0,0.7698,0.6077,-0.1952,0,0.0104,0.2938,0.9558,0,0,0.5031,0,1]},
{"frame":52,"values":[0.6388,-0.7283,0.2482,0,0.7693,0.5999,-0.2198,0,0.0112,0.3313,0.9435,0,0,0.5031,0,1]},
{"frame":53,"values":[0.6393,-0.7183,0.2744,0,0.7689,0.5916,-0.2426,0,0.0119,0.366,0.9305,0,0,0.5031,0,1]},
{"frame":54,"values":[0.6398,-0.7085,0.2978,0,0.7684,0.5834,-0.263,0,0.0126,0.3971,0.9177,0,0,0.5031,0,1]},
{"frame":55,"values":[0.6403,-0.6992,0.3179,0,0.768,0.5757,-0.2805,0,0.0131,0.4238,0.9057,0,0,0.5031,0,1]},
{"frame":56,"values":[0.6407,-0.6911,0.3345,0,0.7677,0.5689,-0.295,0,0.0135,0.4458,0.895,0,0,0.5031,0,1]},
{"frame":57,"values":[0.641,-0.6844,0.3474,0,0.7674,0.5633,-0.3062,0,0.0139,0.4629,0.8863,0,0,0.5031,0,1]},
{"frame":58,"values":[0.6412,-0.6795,0.3566,0,0.7672,0.5592,-0.3142,0,0.0141,0.475,0.8799,0,0,0.5031,0,1]},
{"frame":59,"values":[0.6414,-0.6765,0.362,0,0.7671,0.5566,-0.3189,0,0.0142,0.4822,0.8759,0,0,0.5031,0,1]},
{"frame":60,"values":[0.6414,-0.6755,0.3638,0,0.7671,0.5558,-0.3205,0,0.0143,0.4846,0.8746,0,0,0.5031,0,1]}],"loopBehavior":1,"name":"anim","property":"_matrix"}},
{"name":"Bone.007","index":8,"matrix":[0,0,1,0,-0.9553,-0.2956,0,0,-0.2956,0.9553,0,0,0,1.0728,0.0341,1],"rest":[0,0,1,0,-1,0,0,0,0,1,0,0,0,1.0728,0.0341,1],"parentBoneIndex":-1,"length":0.0964
,"animation":{"dataType":3,"framePerSecond":24,"keys":[
{"frame":0,"values":[0,0,1,0,-0.9553,-0.2956,0,0,-0.2956,0.9553,0,0,0,1.0728,0.0341,1]},
{"frame":60,"values":[0,0,1,0,-0.9553,-0.2956,0,0,-0.2956,0.9553,0,0,0,1.0728,0.0341,1]}],"loopBehavior":1,"name":"anim","property":"_matrix"}},
{"name":"Bone.011","index":9,"matrix":[-0.6883,0.5925,-0.4185,0,0.6438,0.233,-0.7289,0,-0.3344,-0.7711,-0.5418,0,0,0.0964,0,1],"rest":[0,-1,0,0,-0.0896,0,-0.996,0,0.996,0,-0.0896,0,0,0.0964,0,1],"parentBoneIndex":8,"length":0.5129
,"animation":{"dataType":3,"framePerSecond":24,"keys":[
{"frame":0,"values":[-0.8694,0.4678,-0.1591,0,0.3232,0.2949,-0.8992,0,-0.3737,-0.8332,-0.4076,0,0,0.0964,0,1]},
{"frame":1,"values":[-0.9015,0.4301,0.0478,0,0.0915,0.2973,-0.9504,0,-0.423,-0.8524,-0.3074,0,0,0.0964,0,1]},
{"frame":2,"values":[-0.8991,0.4368,0.0281,0,0.1146,0.2969,-0.948,0,-0.4225,-0.8491,-0.317,0,0,0.0964,0,1]},
{"frame":3,"values":[-0.894,0.448,-0.0044,0,0.153,0.2959,-0.9429,0,-0.4211,-0.8436,-0.3331,0,0,0.0964,0,1]},
{"frame":4,"values":[-0.8868,0.4604,-0.0405,0,0.1955,0.2943,-0.9355,0,-0.4188,-0.8375,-0.351,0,0,0.0964,0,1]},
{"frame":5,"values":[-0.8775,0.4732,-0.0777,0,0.2394,0.2919,-0.926,0,-0.4155,-0.8312,-0.3694,0,0,0.0964,0,1]},
{"frame":6,"values":[-0.8664,0.486,-0.1147,0,0.2831,0.2889,-0.9145,0,-0.4113,-0.8249,-0.3879,0,0,0.0964,0,1]},
{"frame":7,"values":[-0.8536,0.4985,-0.151,0,0.326,0.2852,-0.9013,0,-0.4062,-0.8186,-0.406,0,0,0.0964,0,1]},
{"frame":8,"values":[-0.8395,0.5106,-0.1859,0,0.3673,0.2811,-0.8866,0,-0.4005,-0.8126,-0.4235,0,0,0.0964,0,1]},
{"frame":9,"values":[-0.8242,0.5222,-0.2191,0,0.4066,0.2764,-0.8708,0,-0.3941,-0.8068,-0.4402,0,0,0.0964,0,1]},
{"frame":10,"values":[-0.8081,0.5331,-0.2504,0,0.4437,0.2715,-0.854,0,-0.3873,-0.8013,-0.456,0,0,0.0964,0,1]},
{"frame":11,"values":[-0.7916,0.5433,-0.2795,0,0.4783,0.2663,-0.8368,0,-0.3802,-0.7961,-0.4707,0,0,0.0964,0,1]},
{"frame":12,"values":[-0.775,0.5527,-0.3063,0,0.5101,0.2611,-0.8195,0,-0.373,-0.7914,-0.4843,0,0,0.0964,0,1]},
{"frame":13,"values":[-0.7587,0.5613,-0.3306,0,0.539,0.2559,-0.8025,0,-0.3659,-0.7871,-0.4967,0,0,0.0964,0,1]},
{"frame":14,"values":[-0.7431,0.569,-0.3523,0,0.5648,0.2508,-0.7862,0,-0.359,-0.7832,-0.5077,0,0,0.0964,0,1]},
{"frame":15,"values":[-0.7286,0.5757,-0.3712,0,0.5873,0.2461,-0.771,0,-0.3525,-0.7798,-0.5174,0,0,0.0964,0,1]},
{"frame":16,"values":[-0.7155,0.5814,-0.3873,0,0.6065,0.2419,-0.7574,0,-0.3467,-0.7768,-0.5257,0,0,0.0964,0,1]},
{"frame":17,"values":[-0.7045,0.586,-0.4003,0,0.622,0.2383,-0.7458,0,-0.3417,-0.7745,-0.5324,0,0,0.0964,0,1]},
{"frame":18,"values":[-0.6959,0.5895,-0.4101,0,0.6337,0.2355,-0.7369,0,-0.3378,-0.7727,-0.5374,0,0,0.0964,0,1]},
{"frame":19,"values":[-0.6903,0.5917,-0.4163,0,0.6411,0.2336,-0.731,0,-0.3353,-0.7715,-0.5406,0,0,0.0964,0,1]},
{"frame":20,"values":[-0.6883,0.5925,-0.4185,0,0.6438,0.233,-0.7289,0,-0.3344,-0.7711,-0.5418,0,0,0.0964,0,1]},
{"frame":21,"values":[-0.6895,0.5918,-0.4175,0,0.6423,0.2333,-0.7301,0,-0.3347,-0.7716,-0.541,0,0,0.0964,0,1]},
{"frame":22,"values":[-0.6932,0.5896,-0.4144,0,0.6378,0.2342,-0.7337,0,-0.3355,-0.773,-0.5385,0,0,0.0964,0,1]},
{"frame":23,"values":[-0.6995,0.5859,-0.4092,0,0.6303,0.2358,-0.7397,0,-0.3369,-0.7753,-0.5342,0,0,0.0964,0,1]},
{"frame":24,"values":[-0.7081,0.5808,-0.4016,0,0.6195,0.2379,-0.7481,0,-0.3389,-0.7785,-0.5282,0,0,0.0964,0,1]},
{"frame":25,"values":[-0.719,0.5741,-0.3917,0,0.6054,0.2405,-0.7587,0,-0.3414,-0.7826,-0.5205,0,0,0.0964,0,1]},
{"frame":26,"values":[-0.7318,0.5661,-0.3794,0,0.5881,0.2435,-0.7712,0,-0.3442,-0.7875,-0.5112,0,0,0.0964,0,1]},
{"frame":27,"values":[-0.7463,0.5568,-0.3646,0,0.5677,0.2467,-0.7854,0,-0.3474,-0.7932,-0.5002,0,0,0.0964,0,1]},
{"frame":28,"values":[-0.762,0.5464,-0.3475,0,0.5444,0.25,-0.8007,0,-0.3507,-0.7993,-0.488,0,0,0.0964,0,1]},
{"frame":29,"values":[-0.7783,0.5352,-0.3284,0,0.5186,0.2531,-0.8167,0,-0.354,-0.8059,-0.4745,0,0,0.0964,0,1]},
{"frame":30,"values":[-0.7947,0.5234,-0.3074,0,0.4908,0.256,-0.8328,0,-0.3572,-0.8127,-0.4603,0,0,0.0964,0,1]},
{"frame":31,"values":[-0.8106,0.5115,-0.2851,0,0.4616,0.2585,-0.8486,0,-0.3603,-0.8195,-0.4457,0,0,0.0964,0,1]},
{"frame":32,"values":[-0.8256,0.4997,-0.262,0,0.4317,0.2606,-0.8635,0,-0.3633,-0.826,-0.4309,0,0,0.0964,0,1]},
{"frame":33,"values":[-0.8393,0.4885,-0.2385,0,0.402,0.2622,-0.8773,0,-0.366,-0.8322,-0.4165,0,0,0.0964,0,1]},
{"frame":34,"values":[-0.8515,0.4781,-0.2154,0,0.3729,0.2634,-0.8897,0,-0.3686,-0.8379,-0.4026,0,0,0.0964,0,1]},
{"frame":35,"values":[-0.862,0.4688,-0.1929,0,0.3453,0.2643,-0.9005,0,-0.3712,-0.8428,-0.3897,0,0,0.0964,0,1]},
{"frame":36,"values":[-0.8707,0.4608,-0.1717,0,0.3195,0.2648,-0.9098,0,-0.3738,-0.8471,-0.3779,0,0,0.0964,0,1]},
{"frame":37,"values":[-0.8778,0.4543,-0.152,0,0.2961,0.2652,-0.9176,0,-0.3765,-0.8505,-0.3673,0,0,0.0964,0,1]},
{"frame":38,"values":[-0.8833,0.4492,-0.134,0,0.2752,0.2655,-0.924,0,-0.3795,-0.8531,-0.3581,0,0,0.0964,0,1]},
{"frame":39,"values":[-0.8874,0.4457,-0.118,0,0.2571,0.2658,-0.9291,0,-0.3828,-0.8548,-0.3504,0,0,0.0964,0,1]},
{"frame":40,"values":[-0.8901,0.4438,-0.1041,0,0.2418,0.2661,-0.9331,0,-0.3864,-0.8557,-0.3441,0,0,0.0964,0,1]},
{"frame":41,"values":[-0.8921,0.4426,-0.0912,0,0.228,0.2666,-0.9365,0,-0.3902,-0.8562,-0.3387,0,0,0.0964,0,1]},
{"frame":42,"values":[-0.8938,0.4415,-0.0784,0,0.2145,0.2674,-0.9394,0,-0.3938,-0.8565,-0.3337,0,0,0.0964,0,1]},
{"frame":43,"values":[-0.8954,0.4404,-0.0658,0,0.2013,0.2685,-0.942,0,-0.3972,-0.8567,-0.329,0,0,0.0964,0,1]},
{"frame":44,"values":[-0.8967,0.4393,-0.0534,0,0.1885,0.2698,-0.9443,0,-0.4004,-0.8569,-0.3248,0,0,0.0964,0,1]},
{"frame":45,"values":[-0.8979,0.4383,-0.0414,0,0.1762,0.2715,-0.9462,0,-0.4034,-0.8569,-0.321,0,0,0.0964,0,1]},
{"frame":46,"values":[-0.8988,0.4373,-0.0298,0,0.1644,0.2734,-0.9477,0,-0.4063,-0.8568,-0.3176,0,0,0.0964,0,1]},
{"frame":47,"values":[-0.8996,0.4363,-0.0188,0,0.1534,0.2755,-0.949,0,-0.4089,-0.8566,-0.3148,0,0,0.0964,0,1]},
{"frame":48,"values":[-0.9002,0.4354,-0.0084,0,0.1433,0.2778,-0.9499,0,-0.4112,-0.8563,-0.3124,0,0,0.0964,0,1]},
{"frame":49,"values":[-0.9006,0.4345,0.0012,0,0.1339,0.2802,-0.9506,0,-0.4134,-0.856,-0.3106,0,0,0.0964,0,1]},
{"frame":50,"values":[-0.901,0.4338,0.0099,0,0.1256,0.2826,-0.951,0,-0.4153,-0.8555,-0.3091,0,0,0.0964,0,1]},
{"frame":51,"values":[-0.9012,0.433,0.0178,0,0.1182,0.2851,-0.9512,0,-0.417,-0.8551,-0.3081,0,0,0.0964,0,1]},
{"frame":52,"values":[-0.9013,0.4324,0.0247,0,0.1118,0.2874,-0.9513,0,-0.4184,-0.8547,-0.3074,0,0,0.0964,0,1]},
{"frame":53,"values":[-0.9014,0.4318,0.0306,0,0.1065,0.2896,-0.9512,0,-0.4196,-0.8542,-0.307,0,0,0.0964,0,1]},
{"frame":54,"values":[-0.9015,0.4314,0.0355,0,0.102,0.2916,-0.9511,0,-0.4206,-0.8538,-0.3069,0,0,0.0964,0,1]},
{"frame":55,"values":[-0.9015,0.431,0.0395,0,0.0985,0.2933,-0.9509,0,-0.4214,-0.8534,-0.3069,0,0,0.0964,0,1]},
{"frame":56,"values":[-0.9015,0.4306,0.0427,0,0.0958,0.2947,-0.9508,0,-0.422,-0.853,-0.3069,0,0,0.0964,0,1]},
{"frame":57,"values":[-0.9015,0.4304,0.045,0,0.0938,0.2958,-0.9506,0,-0.4225,-0.8528,-0.3071,0,0,0.0964,0,1]},
{"frame":58,"values":[-0.9015,0.4302,0.0466,0,0.0925,0.2967,-0.9505,0,-0.4228,-0.8526,-0.3072,0,0,0.0964,0,1]},
{"frame":59,"values":[-0.9015,0.4302,0.0475,0,0.0917,0.2971,-0.9504,0,-0.4229,-0.8525,-0.3073,0,0,0.0964,0,1]},
{"frame":60,"values":[-0.9015,0.4301,0.0478,0,0.0915,0.2973,-0.9504,0,-0.423,-0.8524,-0.3074,0,0,0.0964,0,1]}],"loopBehavior":1,"name":"anim","property":"_matrix"}},
{"name":"Bone.013","index":10,"matrix":[1,0,0,0,0,0.996,0.0896,0,0,-0.0896,0.996,0,0,0.5129,0,1],"rest":[1,0,0,0,0,0.996,0.0896,0,0,-0.0896,0.996,0,0,0.5129,0,1],"parentBoneIndex":9,"length":0.4789
,"animation":{"dataType":3,"framePerSecond":24,"keys":[
{"frame":0,"values":[1,0,0,0,0,0.996,0.0896,0,0,-0.0896,0.996,0,0,0.5129,0,1]},
{"frame":60,"values":[1,0,0,0,0,0.996,0.0896,0,0,-0.0896,0.996,0,0,0.5129,0,1]}],"loopBehavior":1,"name":"anim","property":"_matrix"}},
{"name":"Bone.008","index":11,"matrix":[0,0,-1,0,1,0,0,0,0,1,0,0,0,1.0728,0.0341,1],"rest":[0,0,-1,0,1,0,0,0,0,1,0,0,0,1.0728,0.0341,1],"parentBoneIndex":-1,"length":0.0937
,"animation":{"dataType":3,"framePerSecond":24,"keys":[
{"frame":0,"values":[0,0,-1,0,1,0,0,0,0,1,0,0,0,1.0728,0.0341,1]},
{"frame":60,"values":[0,0,-1,0,1,0,0,0,0,1,0,0,0,1.0728,0.0341,1]}],"loopBehavior":1,"name":"anim","property":"_matrix"}},
{"name":"Bone.010","index":12,"matrix":[0.037,0.9982,0.0479,0,0.2728,0.0361,-0.9614,0,-0.9614,0.0487,-0.2709,0,0,0.0937,0,1],"rest":[0,1,0,0,0.0896,0,-0.996,0,-0.996,0,-0.0896,0,0,0.0937,0,1],"parentBoneIndex":11,"length":0.5129
,"animation":{"dataType":3,"framePerSecond":24,"keys":[
{"frame":0,"values":[0,1,0,0,0.2909,0,-0.9568,0,-0.9568,0,-0.2909,0,0,0.0937,0,1]},
{"frame":1,"values":[0,1,0,0,0.6746,0,-0.7382,0,-0.7382,0,-0.6746,0,0,0.0937,0,1]},
{"frame":2,"values":[0.001,1,0.0021,0,0.6613,0.0009,-0.7501,0,-0.7501,0.0022,-0.6613,0,0,0.0937,0,1]},
{"frame":3,"values":[0.0027,1,0.0056,0,0.6387,0.0026,-0.7694,0,-0.7694,0.0057,-0.6387,0,0,0.0937,0,1]},
{"frame":4,"values":[0.0048,0.9999,0.0095,0,0.6129,0.0046,-0.7902,0,-0.7902,0.0096,-0.6128,0,0,0.0937,0,1]},
{"frame":5,"values":[0.007,0.9999,0.0134,0,0.5854,0.0068,-0.8107,0,-0.8107,0.0135,-0.5853,0,0,0.0937,0,1]},
{"frame":6,"values":[0.0094,0.9998,0.0173,0,0.557,0.0091,-0.8305,0,-0.8305,0.0175,-0.5568,0,0,0.0937,0,1]},
{"frame":7,"values":[0.012,0.9997,0.021,0,0.5282,0.0115,-0.849,0,-0.849,0.0213,-0.5279,0,0,0.0937,0,1]},
{"frame":8,"values":[0.0145,0.9996,0.0246,0,0.4994,0.014,-0.8662,0,-0.8662,0.0249,-0.499,0,0,0.0937,0,1]},
{"frame":9,"values":[0.0172,0.9995,0.028,0,0.471,0.0166,-0.882,0,-0.882,0.0283,-0.4705,0,0,0.0937,0,1]},
{"frame":10,"values":[0.0198,0.9993,0.0311,0,0.4433,0.0192,-0.8962,0,-0.8962,0.0315,-0.4426,0,0,0.0937,0,1]},
{"frame":11,"values":[0.0224,0.9992,0.0341,0,0.4165,0.0217,-0.9089,0,-0.9089,0.0345,-0.4157,0,0,0.0937,0,1]},
{"frame":12,"values":[0.0249,0.999,0.0368,0,0.391,0.0241,-0.9201,0,-0.9201,0.0373,-0.39,0,0,0.0937,0,1]},
{"frame":13,"values":[0.0273,0.9989,0.0392,0,0.3671,0.0265,-0.9298,0,-0.9298,0.0397,-0.3659,0,0,0.0937,0,1]},
{"frame":14,"values":[0.0295,0.9987,0.0414,0,0.345,0.0287,-0.9382,0,-0.9381,0.0419,-0.3437,0,0,0.0937,0,1]},
{"frame":15,"values":[0.0315,0.9986,0.0432,0,0.3251,0.0307,-0.9452,0,-0.9451,0.0439,-0.3237,0,0,0.0937,0,1]},
{"frame":16,"values":[0.0333,0.9984,0.0448,0,0.3078,0.0324,-0.9509,0,-0.9509,0.0455,-0.3062,0,0,0.0937,0,1]},
{"frame":17,"values":[0.0348,0.9983,0.0461,0,0.2934,0.0339,-0.9554,0,-0.9554,0.0468,-0.2917,0,0,0.0937,0,1]},
{"frame":18,"values":[0.036,0.9982,0.0471,0,0.2824,0.0351,-0.9587,0,-0.9586,0.0478,-0.2806,0,0,0.0937,0,1]},
{"frame":19,"values":[0.0368,0.9982,0.0477,0,0.2753,0.0358,-0.9607,0,-0.9607,0.0485,-0.2735,0,0,0.0937,0,1]},
{"frame":20,"values":[0.037,0.9982,0.0479,0,0.2728,0.0361,-0.9614,0,-0.9614,0.0487,-0.2709,0,0,0.0937,0,1]},
{"frame":41,"values":[0.0368,0.9982,0.0477,0,0.2752,0.0358,-0.9607,0,-0.9607,0.0485,-0.2734,0,0,0.0937,0,1]},
{"frame":42,"values":[0.036,0.9982,0.0471,0,0.2826,0.035,-0.9586,0,-0.9586,0.0478,-0.2808,0,0,0.0937,0,1]},
{"frame":43,"values":[0.0347,0.9983,0.046,0,0.2948,0.0338,-0.955,0,-0.9549,0.0467,-0.2932,0,0,0.0937,0,1]},
{"frame":44,"values":[0.0329,0.9985,0.0445,0,0.3119,0.032,-0.9496,0,-0.9495,0.0451,-0.3104,0,0,0.0937,0,1]},
{"frame":45,"values":[0.0307,0.9986,0.0425,0,0.3335,0.0298,-0.9423,0,-0.9423,0.0431,-0.3321,0,0,0.0937,0,1]},
{"frame":46,"values":[0.0281,0.9988,0.04,0,0.3592,0.0272,-0.9329,0,-0.9329,0.0405,-0.358,0,0,0.0937,0,1]},
{"frame":47,"values":[0.0251,0.999,0.037,0,0.3882,0.0244,-0.9212,0,-0.9212,0.0375,-0.3872,0,0,0.0937,0,1]},
{"frame":48,"values":[0.022,0.9992,0.0337,0,0.4198,0.0214,-0.9073,0,-0.9073,0.0342,-0.419,0,0,0.0937,0,1]},
{"frame":49,"values":[0.0189,0.9994,0.0301,0,0.453,0.0183,-0.8913,0,-0.8913,0.0304,-0.4524,0,0,0.0937,0,1]},
{"frame":50,"values":[0.0157,0.9995,0.0261,0,0.4866,0.0152,-0.8735,0,-0.8735,0.0265,-0.4861,0,0,0.0937,0,1]},
{"frame":51,"values":[0.0127,0.9997,0.0221,0,0.5195,0.0123,-0.8544,0,-0.8544,0.0224,-0.5191,0,0,0.0937,0,1]},
{"frame":52,"values":[0.01,0.9998,0.0181,0,0.5506,0.0096,-0.8347,0,-0.8347,0.0183,-0.5504,0,0,0.0937,0,1]},
{"frame":53,"values":[0.0075,0.9999,0.0143,0,0.5792,0.0073,-0.8152,0,-0.8152,0.0144,-0.579,0,0,0.0937,0,1]},
{"frame":54,"values":[0.0055,0.9999,0.0107,0,0.6045,0.0052,-0.7966,0,-0.7966,0.0108,-0.6044,0,0,0.0937,0,1]},
{"frame":55,"values":[0.0037,1,0.0075,0,0.6261,0.0036,-0.7798,0,-0.7798,0.0076,-0.626,0,0,0.0937,0,1]},
{"frame":56,"values":[0.0023,1,0.0049,0,0.6437,0.0022,-0.7652,0,-0.7652,0.0049,-0.6437,0,0,0.0937,0,1]},
{"frame":57,"values":[0.0013,1,0.0028,0,0.6574,0.0012,-0.7536,0,-0.7536,0.0028,-0.6574,0,0,0.0937,0,1]},
{"frame":58,"values":[0.0006,1,0.0012,0,0.667,0.0005,-0.7451,0,-0.7451,0.0012,-0.667,0,0,0.0937,0,1]},
{"frame":59,"values":[0.0001,1,0.0003,0,0.6727,0.0001,-0.7399,0,-0.7399,0.0003,-0.6727,0,0,0.0937,0,1]},
